Targets_x = [11.74850284181932,9.806313624794248,12.115491989374762,12.393705256526031,11.698572164981007,9.162311439086984,10.29534383532738,10.574245831685921,9.690693971600073,10.755612363654508,11.487248103185046,];
Targets_y = [
21.700678187838566,22.06405084132062,21.820182799527135,21.791421117321136,22.047611716133318,22.526167091729594,22.403503105500704,22.378915034663223,22.61046404159745,22.464742102529524,22.429752906248783,];
center_x = [11.1970790228];
center_y = [22.5419455797];
image_corners_x = [13.61153819888893,9.195857370997103,8.782619846632816,13.198300674524642,13.61153819888893];
image_corners_y = [23.429691239607756,24.15836674090345,21.654199919792774,20.92552441849708,23.429691239607756];
