Targets_x = [14.434286894555859,16.301999397937838,15.806966063248547,14.70197948565238,15.575543956076967,15.079756825290229,];
Targets_y = [
20.481119343154543,20.778369554609167,20.99162246777888,21.261277644891912,21.583043199450916,21.616831588580595,];
center_x = [16.4739633143];
center_y = [20.9858297835];
image_corners_x = [18.516294998490398,14.083255727451844,14.431631630167676,18.86467090120623,18.516294998490398];
image_corners_y = [22.549986668821496,21.935683827032577,19.42167289827725,20.03597574006617,22.549986668821496];
