Targets_x = [15.791071602830504,];
Targets_y = [
22.092836914146933,];
center_x = [17.9170651134];
center_y = [22.5158654264];
image_corners_x = [20.319298906900528,15.894168245946437,15.51483131995579,19.939961980909878,20.319298906900528];
image_corners_y = [23.436179650650654,24.105077096814153,21.595551202133198,20.9266537559697,23.436179650650654];
