Targets_x = [12.816340411538038,13.200268793081516,15.241576294069004,12.341200837701658,14.066780256885988,14.515884418728442,15.170878860576382,14.835597947588427,13.107181696487928,13.861088909400493,];
Targets_y = [
21.888069983535182,21.824441654367842,21.54187722671101,22.074008596364884,21.800892131131402,21.949425514312864,22.046685745488446,22.145129297740148,22.478744483942222,22.39667723279528,];
center_x = [14.5266452229];
center_y = [22.3506911246];
image_corners_x = [16.941717098819375,12.526540711069382,12.11157334693457,16.526749734684557,16.941717098819375];
image_corners_y = [23.236768606462686,23.968494391887074,21.464613642690484,20.732887857266096,23.236768606462686];
