Targets_x = [9.661640056939218,10.0060154474614,6.865743917016994,8.208309530429927,9.00301881866988,6.20985969659269,7.446241776604747,10.324573496490578,6.260944849511947,9.200918791147881,8.397548396962257,9.674838390372193,8.630037467774935,7.544162655435793,6.995243973510945,5.968835068383445,];
Targets_y = [
21.115595135042913,21.3634476805872,20.4987526604375,20.897263552345617,21.198314791073077,20.459416206063338,20.925327431478184,21.801594000589137,20.881302670925802,21.708667850482513,21.519277905259276,21.899905881969477,21.631215826003505,21.592499124797186,21.45088916251505,21.64337414916426,];
center_x = [8.35434234489];
center_y = [21.0206033213];
image_corners_x = [10.177212871278359,5.860862498580122,6.53147181850182,10.847822191200056,10.177212871278359];
image_corners_y = [22.835775080081,21.653267312619075,19.205431562506654,20.387939329968578,22.835775080081];
