Targets_x = [13.065536651879688,11.705200315071222,12.477070702067424,9.832013996401676,13.092379569980935,12.786059897650208,9.089906235358301,10.24749395411492,12.30136893512596,10.986181638107674,10.67138088427882,11.156507570278432,9.363376961656371,8.683500764037296,11.956815018668077,9.935316471947742,];
Targets_y = [
21.34467206348712,21.17642278218861,21.39932184982111,21.13315592358534,21.67300543993781,21.664478106849298,21.21764244491963,21.40034204738109,21.80192723553031,21.891956736377853,21.85235067610093,22.018199545394495,21.76827255329921,21.682053133901565,22.159643229372648,21.954763310562974,];
center_x = [10.9362774934];
center_y = [21.1162305489];
image_corners_x = [12.977370938085755,8.544819106491975,8.895184048681628,13.327735880275409,12.977370938085755];
image_corners_y = [22.682002888587032,22.064192707192614,19.550458209124304,20.168268390518723,22.682002888587032];
