Targets_x = [9.171076527849864,6.422402031023141,];
Targets_y = [
21.542146106175338,21.820108935067253,];
center_x = [8.17178127482];
center_y = [22.3419977401];
image_corners_x = [10.506347132262295,6.046135246760897,5.83721541737815,10.297427302879548,10.506347132262295];
image_corners_y = [23.422510455076917,23.790905754221825,21.261485025204024,20.893089726059117,23.422510455076917];
