Targets_x = [12.656771444636338,14.085565650569775,15.547349466817227,11.852590898956093,15.148581491201105,13.174104686436618,12.78921434542022,12.322387841766451,13.767138989709226,11.688499317074353,14.218455527759044,14.891162091711042,14.506271750694644,11.270287659769641,13.331710069551473,];
Targets_y = [
20.78052373197924,20.978712491465178,21.185547365500067,20.82739661902057,21.39291264537659,21.126558550613304,21.165079545957546,21.145785796758688,21.38449707168982,21.292071670083658,21.64922729864027,21.917741309185622,21.956262304529865,21.710214003271094,21.99664335067672,];
center_x = [13.3878118747];
center_y = [20.8988959404];
image_corners_x = [15.439073930441431,11.002586993662606,11.336549818994358,15.773036755773182,15.439073930441431];
image_corners_y = [22.45132289478331,21.862435112781654,19.346468986063982,19.93535676806564,22.45132289478331];
