
Targets1_x = [12.393705256526031,12.115491989374762,11.74850284181932,11.698572164981007,11.487248103185046,]
Targets1_y = [21.791421117321136,21.820182799527135,21.700678187838566,22.047611716133318,22.429752906248783,]
Targets2_x = [12.341200837701658,12.816340411538038,13.107181696487928,13.200268793081516,13.861088909400493,14.066780256885988,]
Targets2_y = [
22.074008596364884,21.888069983535182,22.478744483942222,21.824441654367842,22.39667723279528,21.800892131131402,]
center1_x = [11.1970790228,14.5266452229]
center1_y = [22.5419455797,22.3506911246]
image_corners1_x = [13.61153819888893,9.195857370997103,8.782619846632816,13.198300674524642,]
image_corners1_y = [23.429691239607756,24.15836674090345,21.654199919792774,20.92552441849708,]
image_corners2_x = [16.941717098819375,12.526540711069382,12.11157334693457,16.526749734684557,]
image_corners2_y = [23.236768606462686,23.968494391887074,21.464613642690484,20.732887857266096,]