
Targets1_x = [15.241576294069004,15.170878860576382,14.835597947588427,]
Targets1_y = [21.54187722671101,22.046685745488446,22.145129297740148,]
Targets2_x = [15.791071602830504,]
Targets2_y = [
22.092836914146933,]
center1_x = [14.5266452229,17.9170651134]
center1_y = [22.3506911246,22.5158654264]
image_corners1_x = [16.941717098819375,12.526540711069382,12.11157334693457,16.526749734684557,]
image_corners1_y = [23.236768606462686,23.968494391887074,21.464613642690484,20.732887857266096,]
image_corners2_x = [20.319298906900528,15.894168245946437,15.51483131995579,19.939961980909878,]
image_corners2_y = [23.436179650650654,24.105077096814153,21.595551202133198,20.9266537559697,]