
Targets1_x = [9.171076527849864,]
Targets1_y = [21.542146106175338,]
Targets2_x = [9.162311439086984,9.690693971600073,9.806313624794248,10.29534383532738,10.574245831685921,10.755612363654508,]
Targets2_y = [
22.526167091729594,22.61046404159745,22.06405084132062,22.403503105500704,22.378915034663223,22.464742102529524,]
center1_x = [8.17178127482,11.1970790228]
center1_y = [22.3419977401,22.5419455797]
image_corners1_x = [10.506347132262295,6.046135246760897,5.83721541737815,10.297427302879548,]
image_corners1_y = [23.422510455076917,23.790905754221825,21.261485025204024,20.893089726059117,]
image_corners2_x = [13.61153819888893,9.195857370997103,8.782619846632816,13.198300674524642,]
image_corners2_y = [23.429691239607756,24.15836674090345,21.654199919792774,20.92552441849708,]