Targets2_x = [12.393705256526031,12.868844830362411,13.1596861153123,13.25277321190589,13.913593328224866,14.119284675710361,]
Targets2_y = [
21.791421117321136,21.605482504491434,22.196157004898474,21.541854175324094,22.114089753751532,21.518304652087654,]
center2_x = [14.579149641701344]
center2_y = [22.068103645532837]
image_corners2_x = [16.994221517643748,12.579045129893755,12.164077765758943,16.57925415350893,16.994221517643748]
image_corners2_y = [22.954181127418938,23.685906912843326,21.182026163646736,20.450300378222348,22.954181127418938]