Targets_x = [0.17463934892905542,0.17463934892905542,];
Targets_y = [
-0.12984697846154702,-0.12984697846154702,];
center_x = [16.249500130960882];
center_y = [21.672607145972183];
image_corners_x = [18.476932795959243,14.001677226370246,14.022067465962522,18.497323035551517,18.476932795959243];
image_corners_y = [22.95956059997581,22.9236058108281,20.385653691968557,20.421608481116266,22.95956059997581];
