Targets_x = [13.355251548730257,11.608238127180162,12.238516577085644,11.138701832284132,12.466939639467498,12.923785764231202,11.959332834174491,11.697069318106438,12.606531510923073,12.120074989183943,11.540557219807761,11.663228864420239,12.145455329448593,];
Targets_y = [
20.441660643136643,20.58971262801377,20.644703365253847,20.890046654478798,21.10154949001755,21.160770283968404,21.21576102120848,21.52878521780583,21.748748166766134,21.799508847295435,22.154833611000537,22.489008091151767,22.88663342196462,];
center_x = [13.24950013096088];
center_y = [21.672607145972183];
image_corners_x = [15.48720013096088,11.01180013096088,11.01180013096088,15.48720013096088,15.48720013096088];
image_corners_y = [22.941624159204697,22.941624159204697,20.40359013273967,20.40359013273967,22.941624159204697];
