Targets_x = [9.483859866310597,11.074361189562016,12.267237182000578,11.742710149864472,10.300260811490181,11.374695216027042,11.9415228152709,10.790947389940087,11.755400319996797,12.402598996745379,10.913619034552562,12.212246444760503,11.476216577085644,12.402598996745379,11.501596917350295,12.00074360922175,12.0261239494864,12.258777068579029,];
Targets_y = [
20.483961210244395,20.56433228774912,20.58971262801377,20.593942684724546,20.678543818940046,20.835055917238723,20.809675576974072,20.839285973949497,20.923887108165,21.088859319885227,21.194610737654603,21.308822268845528,21.296132098713205,21.549935501359705,21.757208280187683,21.80373890400621,22.053312249941936,22.40863701364704,];
center_x = [10.24950013096088];
center_y = [21.672607145972183];
image_corners_x = [12.48720013096088,8.01180013096088,8.01180013096088,12.48720013096088,12.48720013096088];
image_corners_y = [22.941624159204697,22.941624159204697,20.40359013273967,20.40359013273967,22.941624159204697];
