Targets_x = [11.678578555382591,11.395164755760664,12.85876437768883,12.380767969371249,13.26907987863401,10.98907931152626,12.093124113038547,12.435758706611326,12.888374774664255,11.05676021889866,11.856240937235144,11.923921844607545,12.3046269485773,];
Targets_y = [
21.224531775150425,21.309132909365925,21.575626482144752,21.613696992541726,21.694068070046455,21.744828750575753,21.89288073545288,22.21013498876101,22.23551532902566,22.37087714377046,22.485088674961386,22.827723268534164,23.30148962014097,];
center_x = [12.87568460453193];
center_y = [22.472398504829062];
image_corners_x = [15.11338460453193,10.63798460453193,10.63798460453193,15.11338460453193,15.11338460453193];
image_corners_y = [23.741415518061576,23.741415518061576,21.20338149159655,21.20338149159655,23.741415518061576];
