
Targets1_x = [13.477874552149675,]
Targets1_y = [20.45841697184378,]
Targets2_x = []
Targets2_y = [
]
center1_x = [13.24950013096088,16.249500130960882]
center1_y = [21.672607145972183,21.672607145972183]
image_corners1_x = [15.349010274110896,10.896065043168784,11.149989987810866,15.602935218752977,]
image_corners1_y = [23.1591341819469,22.711379862894695,20.18608010999747,20.63383442904967,]
image_corners2_x = [18.476932795959243,14.001677226370246,14.022067465962522,18.497323035551517,]
image_corners2_y = [22.95956059997581,22.9236058108281,20.385653691968557,20.421608481116266,]