
Targets1_x = [13.26907987863401,12.85876437768883,12.888374774664255,12.380767969371249,12.435758706611326,12.093124113038547,12.3046269485773,11.856240937235144,11.395164755760664,11.923921844607545,10.98907931152626,11.05676021889866,]
Targets1_y = [21.694068070046455,21.575626482144752,22.23551532902566,21.613696992541726,22.21013498876101,21.89288073545288,23.30148962014097,22.485088674961386,21.309132909365925,22.827723268534164,21.744828750575753,22.37087714377046,]
Targets2_x = [11.540557219807761,11.663228864420239,11.138701832284132,12.145455329448593,11.697069318106438,11.608238127180162,12.120074989183943,11.959332834174491,12.606531510923073,12.238516577085644,12.466939639467498,12.923785764231202,]
Targets2_y = [
22.154833611000537,22.489008091151767,20.890046654478798,22.88663342196462,21.52878521780583,20.58971262801377,21.799508847295435,21.21576102120848,21.748748166766134,20.644703365253847,21.10154949001755,21.160770283968404,]
center1_x = [12.87568460453193,13.24950013096088]
center1_y = [22.472398504829062,21.672607145972183]
image_corners1_x = [15.11338460453193,10.63798460453193,10.63798460453193,15.11338460453193,]
image_corners1_y = [23.741415518061576,23.741415518061576,21.20338149159655,21.20338149159655,]
image_corners2_x = [15.48720013096088,11.01180013096088,11.01180013096088,15.48720013096088,]
image_corners2_y = [22.941624159204697,22.941624159204697,20.40359013273967,20.40359013273967,]