
Targets1_x = [10.300260811490181,10.790947389940087,11.074361189562016,10.913619034552562,11.374695216027042,11.742710149864472,11.755400319996797,11.9415228152709,11.476216577085644,12.267237182000578,11.501596917350295,12.402598996745379,12.212246444760503,12.00074360922175,12.402598996745379,12.0261239494864,12.258777068579029,]
Targets1_y = [20.678543818940046,20.839285973949497,20.56433228774912,21.194610737654603,20.835055917238723,20.593942684724546,20.923887108165,20.809675576974072,21.296132098713205,20.58971262801377,21.757208280187683,21.088859319885227,21.308822268845528,21.80373890400621,21.549935501359705,22.053312249941936,22.40863701364704,]
Targets2_x = [12.145455329448593,12.606531510923073,11.663228864420239,12.923785764231202,12.120074989183943,13.355251548730257,11.540557219807761,12.466939639467498,11.697069318106438,11.959332834174491,12.238516577085644,11.608238127180162,11.138701832284132,]
Targets2_y = [
22.88663342196462,21.748748166766134,22.489008091151767,21.160770283968404,21.799508847295435,20.441660643136643,22.154833611000537,21.10154949001755,21.52878521780583,21.21576102120848,20.644703365253847,20.58971262801377,20.890046654478798,]
center1_x = [10.24950013096088,13.24950013096088]
center1_y = [21.672607145972183,21.672607145972183]
image_corners1_x = [12.48720013096088,8.01180013096088,8.01180013096088,12.48720013096088,]
image_corners1_y = [22.941624159204697,22.941624159204697,20.40359013273967,20.40359013273967,]
image_corners2_x = [15.48720013096088,11.01180013096088,11.01180013096088,15.48720013096088,]
image_corners2_y = [22.941624159204697,22.941624159204697,20.40359013273967,20.40359013273967,]