
Targets1_x = [12.041473640448753,11.63538819621435,11.66922864990055,11.394274963700171,11.576167402263499,11.203922411715295,11.254683092244596,10.535573451412837,10.594794245363689,9.837614094134954,]
Targets1_y = [21.83365994150203,21.28798262581205,21.84212005492358,21.567166368723203,22.870023835641916,22.146684138099385,22.45547827798596,21.541786028458553,22.104383570991633,21.42334444055685,]
Targets2_x = [9.483859866310597,10.300260811490181,10.913619034552562,10.790947389940087,11.501596917350295,11.074361189562016,11.476216577085644,11.374695216027042,12.0261239494864,12.00074360922175,12.258777068579029,11.755400319996797,11.742710149864472,11.9415228152709,12.212246444760503,12.402598996745379,12.402598996745379,12.267237182000578,]
Targets2_y = [
20.483961210244395,20.678543818940046,21.194610737654603,20.839285973949497,21.757208280187683,20.56433228774912,21.296132098713205,20.835055917238723,22.053312249941936,21.80373890400621,22.40863701364704,20.923887108165,20.593942684724546,20.809675576974072,21.308822268845528,21.549935501359705,21.088859319885227,20.58971262801377,]
center1_x = [9.87568460453193,10.24950013096088]
center1_y = [22.472398504829062,21.672607145972183]
image_corners1_x = [12.11338460453193,7.63798460453193,7.63798460453193,12.11338460453193,]
image_corners1_y = [23.741415518061576,23.741415518061576,21.20338149159655,21.20338149159655,]
image_corners2_x = [12.48720013096088,8.01180013096088,8.01180013096088,12.48720013096088,]
image_corners2_y = [22.941624159204697,22.941624159204697,20.40359013273967,20.40359013273967,]