
Targets1_x = [11.923921844607545,12.888374774664255,12.435758706611326,11.856240937235144,13.26907987863401,12.85876437768883,12.093124113038547,11.05676021889866,12.380767969371249,10.98907931152626,11.678578555382591,11.395164755760664,]
Targets1_y = [22.827723268534164,22.23551532902566,22.21013498876101,22.485088674961386,21.694068070046455,21.575626482144752,21.89288073545288,22.37087714377046,21.613696992541726,21.744828750575753,21.224531775150425,21.309132909365925,]
Targets2_x = [9.483859866310597,10.300260811490181,11.074361189562016,10.790947389940087,11.742710149864472,11.374695216027042,10.913619034552562,12.267237182000578,11.9415228152709,]
Targets2_y = [
20.483961210244395,20.678543818940046,20.56433228774912,20.839285973949497,20.593942684724546,20.835055917238723,21.194610737654603,20.58971262801377,20.809675576974072,]
center1_x = [12.87568460453193,10.24950013096088]
center1_y = [22.472398504829062,21.672607145972183]
image_corners1_x = [15.11338460453193,10.63798460453193,10.63798460453193,15.11338460453193,]
image_corners1_y = [23.741415518061576,23.741415518061576,21.20338149159655,21.20338149159655,]
image_corners2_x = [12.48720013096088,8.01180013096088,8.01180013096088,12.48720013096088,]
image_corners2_y = [22.941624159204697,22.941624159204697,20.40359013273967,20.40359013273967,]