
Targets1_x = [10.535573451412837,10.594794245363689,11.394274963700171,11.63538819621435,11.203922411715295,12.003403130051778,11.254683092244596,11.66922864990055,12.041473640448753,11.576167402263499,]
Targets1_y = [21.541786028458553,22.104383570991633,21.567166368723203,21.28798262581205,22.146684138099385,21.232991888571974,22.45547827798596,21.84212005492358,21.83365994150203,22.870023835641916,]
Targets2_x = [12.145455329448593,12.606531510923073,12.923785764231202,13.355251548730257,12.120074989183943,11.663228864420239,12.466939639467498,11.540557219807761,11.959332834174491,]
Targets2_y = [
22.88663342196462,21.748748166766134,21.160770283968404,20.441660643136643,21.799508847295435,22.489008091151767,21.10154949001755,22.154833611000537,21.21576102120848,]
center1_x = [9.87568460453193,13.24950013096088]
center1_y = [22.472398504829062,21.672607145972183]
image_corners1_x = [12.11338460453193,7.63798460453193,7.63798460453193,12.11338460453193,]
image_corners1_y = [23.741415518061576,23.741415518061576,21.20338149159655,21.20338149159655,]
image_corners2_x = [15.48720013096088,11.01180013096088,11.01180013096088,15.48720013096088,]
image_corners2_y = [22.941624159204697,22.941624159204697,20.40359013273967,20.40359013273967,]