
Targets1_x = [9.837614094134954,10.535573451412837,10.594794245363689,11.63538819621435,11.394274963700171,12.003403130051778,11.203922411715295,11.66922864990055,11.254683092244596,12.041473640448753,11.576167402263499,]
Targets1_y = [21.42334444055685,21.541786028458553,22.104383570991633,21.28798262581205,21.567166368723203,21.232991888571974,22.146684138099385,21.84212005492358,22.45547827798596,21.83365994150203,22.870023835641916,]
Targets2_x = [12.3046269485773,12.888374774664255,13.26907987863401,11.923921844607545,12.435758706611326,12.85876437768883,11.856240937235144,12.380767969371249,12.093124113038547,11.05676021889866,11.678578555382591,10.98907931152626,]
Targets2_y = [
23.30148962014097,22.23551532902566,21.694068070046455,22.827723268534164,22.21013498876101,21.575626482144752,22.485088674961386,21.613696992541726,21.89288073545288,22.37087714377046,21.224531775150425,21.744828750575753,]
center1_x = [9.87568460453193,12.87568460453193]
center1_y = [22.472398504829062,22.472398504829062]
image_corners1_x = [12.11338460453193,7.63798460453193,7.63798460453193,12.11338460453193,]
image_corners1_y = [23.741415518061576,23.741415518061576,21.20338149159655,21.20338149159655,]
image_corners2_x = [15.11338460453193,10.63798460453193,10.63798460453193,15.11338460453193,]
image_corners2_y = [23.741415518061576,23.741415518061576,21.20338149159655,21.20338149159655,]