Targets2_x = [9.026021492646432,9.857594501396353,10.518582466759096,10.361689541477626,11.158868828515779,10.616820760147114,11.088445079522632,10.942242929729858,11.709902396611222,11.660196208196027,11.976253011936596,11.329836309170727,11.284887181202514,11.50388491730216,11.822212674220353,12.03527669527828,11.990112413218343,11.806501813277261,]
Targets2_y = [
20.313431533213,20.427117662536695,20.880645897835866,20.53902954590616,21.382969263115275,20.237623789621946,20.926575054431346,20.477639167555477,21.626283493769378,21.38038484286219,21.95712671419855,20.52875569278139,20.20162567628436,20.396856638273352,20.86710767708667,21.088426808431993,20.629546492478706,20.1460362148955,]
center2_x = [9.904448102246318]
center2_y = [21.421418998626066]
image_corners2_x = [12.25568746517665,7.8018079413659915,7.553208739315988,12.007088263126645,12.25568746517665]
image_corners2_y = [22.46515216763074,22.90351542724558,20.37768582962139,19.939322570006553,22.46515216763074]