Targets2_x = [11.795297739826758,11.853420534552262,11.636365021717376,12.251396138658473,12.064182311636046,12.151075324358768,12.427729157355072,12.378557568221966,12.912806303751047,12.757222482327554,12.896057016991598,13.331829489490907,]
Targets2_y = [
22.448048773352923,22.797521606997208,21.136912563404955,23.27556895235082,21.86482256826776,20.93010746686477,22.207820548097324,21.60725648571502,22.248193229721615,21.100501365654267,21.589496765953797,21.73193676017083,]
center2_x = [13.555626025667626]
center2_y = [22.292707104806517]
image_corners2_x = [15.51837338906331,11.121003721334144,11.592878662271943,15.990248330001108,15.51837338906331]
image_corners2_y = [23.95563472119782,23.1235619086775,20.629779488415213,21.461852300935533,23.95563472119782]