Targets2_x = [11.432626670990173,12.030997211826346,12.416114890168096,12.928884624713131,11.556582035131003,11.023462150024269,11.985163309470751,10.951174285298972,11.481764214415449,]
Targets2_y = [
23.00216853132165,21.971569129425802,21.44980945195346,20.817616127706565,21.95397000260938,22.55424417203448,21.330557824664098,22.21636045017959,21.371049349987054,]
center2_x = [12.659285068210337]
center2_y = [21.986134767444828]
image_corners2_x = [14.696358797377647,10.265404946750555,10.622211339043028,15.053165189670121,14.696358797377647]
image_corners2_y = [23.557133205321186,22.92796460024546,20.41513632956847,21.0443049346442,23.557133205321186]