Targets2_x = [11.189086310360086,11.718077691230086,12.068856484127307,10.800113778634326,11.275868178842877,11.664384633118495,10.721241385212743,11.199818976945462,10.929898727213763,9.937532137022403,10.500614725595723,9.847997324844519,]
Targets2_y = [
22.845796088612403,21.78461808535649,21.24243938076017,22.398244694704438,21.776902874788274,21.14240750537787,22.066757035714474,21.19750526943688,21.480502605860313,21.98548996896022,20.84452606769998,21.377702657471144,]
center2_x = [11.714617937392108]
center2_y = [22.01603253007618]
image_corners2_x = [13.99958862612043,9.527517274524547,9.429647248663786,13.901718600259668,13.99958862612043]
image_corners2_y = [23.19781695268717,23.370394431621644,20.834248107465193,20.661670628530715,23.19781695268717]