Targets2_x = [9.591936833502361,10.425391333086369,11.189742906987888,10.930127384018137,11.860800238557903,11.513629690637549,11.083655502315365,12.385069423566389,12.078373073355184,]
Targets2_y = [
21.767614493357875,21.891399857237023,21.70999715102794,22.009599416052115,21.681622185938682,21.954717652379813,22.354354131471183,21.63187891190262,21.880149342313967,]
center2_x = [10.460873304885338]
center2_y = [22.890074532537234]
image_corners2_x = [12.799876165316757,8.341221766997016,8.121870444453918,12.58052484277366,12.799876165316757]
image_corners2_y = [23.960948516144647,24.347738014895643,21.81920054892982,21.432411050178825,23.960948516144647]