Targets2_x = [10.99805252795229,11.774161234248252,10.657687982833663,12.250299687856685,11.296662402524017,12.873937847122871,10.640282325839424,11.833599131743428,10.974920076348683,11.317157905082727,11.752083092225142,11.169260611510841,10.63375499339695,]
Targets2_y = [
22.60193138073034,21.65712917177332,22.08078615864198,21.192376586211434,21.560967454083325,20.636875296841474,21.72669950296237,21.0004561007504,21.17803697657502,20.958332340870633,20.49836219591826,20.25897566968525,20.40508348682841,]
center2_x = [12.407976411804071]
center2_y = [21.775628165238658]
image_corners2_x = [14.1656480151301,9.89372124789958,10.650304808478042,14.922231575708564,14.1656480151301]
image_corners2_y = [23.65400406072254,22.319895048902517,19.897252269754777,21.2313612815748,23.65400406072254]