Targets_x = [14.392858528854772,16.287910781454546,15.056892794289762,15.826725644336737,14.519623576945293,15.636332438614911,15.145614988910706,14.764820443904599,14.565958991824338,15.674207740697977,15.251187460486523,14.252809561511292,16.012472355263036,];
Targets_y = [
20.769296564706593,20.80386578308621,20.989514891263084,21.087102250090116,21.124670103512496,21.192780457977808,21.27296283089074,21.50546952865608,21.632294765108742,21.70040186614907,21.738309702481946,21.957888731029712,22.064316853375473,];
center_x = [16.4739633143];
center_y = [20.9858297835];
image_corners_x = [18.71117513511884,14.235775466045002,14.236751493539233,18.712151162613072,18.71117513511884];
image_corners_y = [22.255707233853908,22.253986172039077,19.715952333244843,19.71767339505967,22.255707233853908];
