Targets_x = [13.08521444802454,9.041307896029526,11.710432046395663,12.50554787006982,11.4479498715093,10.889538008902013,9.857409858559535,10.57647423956834,11.921616422857161,13.152527259347229,11.181337115610788,12.276906125477923,12.852153651373978,13.021345855568843,9.506116448705129,9.125391713337455,8.715076496017057,10.297101691367141,9.857096519319352,12.38237894637908,12.961622765041492,11.096124282310457,10.783100302086646,11.60795084323679,12.70348006399406,9.141769801862786,10.495382040002692,11.282127281600427,9.475889340994573,8.790610680254172,12.098492846983287,12.969839164317188,9.742303151343766,10.067972530179402,];
Targets_y = [
21.059536404316738,21.03363133675391,21.070610133088923,21.18575662941456,21.256424134107036,21.29383809787555,21.288394476237883,21.327310478903772,21.3415822573813,21.372639962760278,21.357632085750254,21.371610419542538,21.406127264704697,21.414786317827634,21.45718381569537,21.473656403356628,21.473173960399524,21.487724262646104,21.5548878648068,21.608617772572124,21.841952119353003,21.877829228753008,21.87746117948676,21.886891146613323,21.93470991070007,21.934752160673657,21.94057377885504,21.979569359740662,21.98167566978846,21.98933004788732,22.010139648523793,22.049234702184073,22.049669869617574,22.08812332388129,];
center_x = [10.9362774934];
center_y = [21.1162305489];
image_corners_x = [13.172483854985341,8.697086948542218,8.700071131782042,13.175468038225166,13.172483854985341];
image_corners_y = [22.387877739787918,22.382615630008363,19.84458335792342,19.849845467702973,22.387877739787918];
