Targets_x = [14.709826097662507,15.893468409717405,12.596179111850187,14.415444095909196,13.431248888650861,15.245369432981997,12.95886196721119,15.645180788331375,16.312534524901434,16.688763688376028,16.507907193352416,12.273434214350392,15.782088210798841,12.55503419612032,13.986610995798191,13.661873648113302,14.334319104853703,12.84254290574833,14.903069361442023,13.200845609511665,14.54242637477709,16.46660941999651,16.164689976056195,15.455268876953463,16.492231480567362,];
Targets_y = [
21.095385091141083,21.05258495584951,21.171813904161752,21.148358064680224,21.20511036140598,21.156443615720743,21.251821473323982,21.209711702418854,21.287168110449354,21.273563781731674,21.3055004234812,21.610999205379148,21.48412737576484,21.672774599578037,21.69720001346531,21.730106520528615,21.714256745931294,21.78089736983876,21.757183233616125,21.856830502655406,21.850647574916547,21.80223382492586,21.880876277546832,21.9276928285799,22.0425781508043,];
center_x = [14.5266452229];
center_y = [22.3506911246];
image_corners_x = [16.808741021678806,12.336263999699938,12.244549424075135,16.717026446054007,16.808741021678806];
image_corners_y = [23.538017631888106,23.699741000239843,21.163364617265064,21.001641248913327,23.538017631888106];
