Targets_x = [16.439140872015255,16.925573180877365,16.680288885760078,18.351501581888403,19.49399157344474,15.816304036060318,17.998766729285542,19.301774708142368,18.87143301208537,17.5030793550558,18.529196918991975,16.670181913529312,18.353988970172075,17.056508645665552,16.28682344374579,19.317134731536047,18.949115530661594,16.70535068243757,18.043211318046044,17.637687310223836,19.62574477894319,];
Targets_y = [
21.30011481504375,21.293676661784655,21.299056637298957,21.296249465450497,21.300808028846355,21.45340133426766,21.41822522254305,21.41080089525308,21.46678166678323,21.581416114524256,21.68161077804047,21.802776137239107,21.79546165122409,21.861999774309368,21.87888176644045,21.91819288557308,21.922033809273543,22.05586920410871,22.094222246511425,22.12427223142452,22.29222061486688,];
center_x = [17.9170651134];
center_y = [22.5158654264];
image_corners_x = [20.182054506037385,15.707730639932391,15.652075720818932,20.126399586923924,20.182054506037385];
image_corners_y = [23.73550821066987,23.833646384706604,21.296222642113985,21.198084468077248,23.73550821066987];
