Targets_x = [8.96960685761212,10.548473378699889,10.29277790775512,9.666531989608025,8.52128841334817,7.34633138383798,10.041043561908666,6.7988377763181465,8.192801175246332,9.34294555811982,7.812373691525818,9.633059810296398,9.021238489662265,6.1484857027720565,8.67181738632626,7.437553505656643,8.190884100570226,8.439250677619704,10.412931568295493,7.71469385444113,10.17491532872429,6.770228691974694,6.253741464839371,8.998274414815613,9.289681594126368,8.468497750314805,9.502298751164398,9.786414748225319,8.711023839235326,7.396361475185413,8.093324318826777,7.6295215401933,7.066385831317244,6.565067404578052,6.076534323003654,];
Targets_y = [
20.687283779464416,20.945033330857402,20.975573330686682,20.936305295296417,20.820606822029035,20.671158347122084,21.138880728424706,20.71471688239377,20.918413634859817,21.094478696143195,20.92410327640694,21.192158533227882,21.107850477204458,20.761883297144916,21.104798242380873,21.04997736973503,21.161330681044653,21.219420028360823,21.52455534397285,21.214217528583514,21.583004857312734,21.129052134740547,21.16386879364153,21.544254754932883,21.599442714007303,21.517607377315855,21.669919528819094,21.71562140863964,21.587730946508792,21.46266644932877,21.613572538761456,21.702208806311763,21.63706838742824,21.58854746306172,21.964043348928005,];
center_x = [8.35434234489];
center_y = [21.0206033213];
image_corners_x = [10.408517903451672,5.970932235722346,6.300166786328505,10.737752454057832,10.408517903451672];
image_corners_y = [22.56917306285595,21.988622805287086,19.472033579731704,20.052583837300567,22.56917306285595];
