Targets_x = [12.655886832039654,14.089900793324562,15.56200733595237,13.434771519062048,11.869899054124689,14.585805416620296,15.195354563187756,13.211486318505562,11.168692121572361,14.15497901913081,12.835468952144938,15.009777488514585,11.591895282547481,12.607297919547138,12.370418129137324,14.629484895842573,13.83001560320945,13.369850612243152,11.762519879543373,14.313320697841366,14.148961449535888,15.016449907691618,12.588748666369503,14.686668504810045,12.948434038403748,12.229809590227392,13.862904755930664,11.409687846902433,13.4867290843808,12.619625081684655,15.276221036469671,];
Targets_y = [
20.877428362556685,20.878221860906663,20.883041820270652,20.979017104015313,21.02968462659122,21.061695738065637,21.138809103061728,21.14941555074086,21.215328560143607,21.182442366028052,21.236028213293284,21.241324074426878,21.25113702375603,21.283779383583635,21.285045825097562,21.319499359491697,21.3237735996012,21.495438487840673,21.516722186885694,21.524235306870548,21.63932719187248,21.698141055190202,21.770342028310395,21.72951500110011,21.79379972855638,21.886474204555903,21.93696475172308,21.983921437461575,21.993967440474282,22.007063513530966,22.0224712503546,];
center_x = [13.3878118747];
center_y = [20.8988959404];
image_corners_x = [15.632264402949492,11.156928362706928,11.143359346486296,15.61869538672886,15.632264402949492];
image_corners_y = [22.15593146831789,22.179858166920273,19.641860412529404,19.61793371392702,22.15593146831789];
