Targets_x = [12.763486378611878,13.039316845968106,9.58778128104792,];
Targets_y = [
21.23773690303353,21.257582770166614,21.443492501198204,];
center_x = [11.1970790228];
center_y = [22.5419455797];
image_corners_x = [13.478354043441861,9.005766366306789,8.915804002079883,13.388391679214957,13.478354043441861];
image_corners_y = [23.730848330092623,23.8894819656794,21.35304282930791,21.19440919372113,23.730848330092623];
