
Targets1_x = [10.548473378699889,10.412931568295493,10.29277790775512,10.17491532872429,10.041043561908666,9.786414748225319,9.666531989608025,9.633059810296398,9.502298751164398,9.34294555811982,9.289681594126368,9.021238489662265,8.998274414815613,8.96960685761212,8.711023839235326,8.67181738632626,8.52128841334817,8.468497750314805,8.439250677619704,8.190884100570226,8.192801175246332,8.093324318826777,7.812373691525818,]
Targets1_y = [20.945033330857402,21.52455534397285,20.975573330686682,21.583004857312734,21.138880728424706,21.71562140863964,20.936305295296417,21.192158533227882,21.669919528819094,21.094478696143195,21.599442714007303,21.107850477204458,21.544254754932883,20.687283779464416,21.587730946508792,21.104798242380873,20.820606822029035,21.517607377315855,21.219420028360823,21.161330681044653,20.918413634859817,21.613572538761456,20.92410327640694,]
Targets2_x = [8.715076496017057,8.790610680254172,9.041307896029526,9.125391713337455,9.141769801862786,9.475889340994573,9.506116448705129,9.742303151343766,9.857409858559535,9.857096519319352,10.067972530179402,10.297101691367141,10.495382040002692,10.57647423956834,10.783100302086646,10.889538008902013,11.096124282310457,11.181337115610788,11.282127281600427,11.4479498715093,]
Targets2_y = [
21.473173960399524,21.98933004788732,21.03363133675391,21.473656403356628,21.934752160673657,21.98167566978846,21.45718381569537,22.049669869617574,21.288394476237883,21.5548878648068,22.08812332388129,21.487724262646104,21.94057377885504,21.327310478903772,21.87746117948676,21.29383809787555,21.877829228753008,21.357632085750254,21.979569359740662,21.256424134107036,]
center1_x = [8.35434234489,10.9362774934]
center1_y = [21.0206033213,21.1162305489]
image_corners1_x = [10.408517903451672,5.970932235722346,6.300166786328505,10.737752454057832,]
image_corners1_y = [22.56917306285595,21.988622805287086,19.472033579731704,20.052583837300567,]
image_corners2_x = [13.172483854985341,8.697086948542218,8.700071131782042,13.175468038225166,]
image_corners2_y = [22.387877739787918,22.382615630008363,19.84458335792342,19.849845467702973,]