
Targets1_x = [16.29207087576571,15.056894316219395,15.83099469429123,15.636412085595579,15.145725507145672,15.674482595992552,15.247246868204273,16.01288713285456,]
Targets1_y = [20.799707288275272,20.985829783549374,21.087351144607975,21.19310256237735,21.27770369659285,21.700709367670356,21.738779878067334,22.06449424479701,]
Targets2_x = [16.27580310964744,15.87394772212381,]
Targets2_y = [
22.21130134321612,21.779835558717068,]
center1_x = [16.4739633143,17.9170651134]
center1_y = [20.9858297835,22.5158654264]
image_corners1_x = [18.711663314329037,14.236263314329037,14.236263314329037,18.711663314329037,]
image_corners1_y = [22.254846796781887,22.254846796781887,19.71681277031686,19.71681277031686,]
image_corners2_x = [20.15476511342816,15.679365113428158,15.679365113428158,20.15476511342816,]
image_corners2_y = [23.78488243962444,23.78488243962444,21.246848413159412,21.246848413159412,]