
Targets1_x = [12.96560911053038,13.152527259347229,12.961617791402759,13.021345855568843,13.080989367876466,12.70348006399406,12.84792359758717,12.386609000165887,12.501317816283013,12.09426279319648,12.276906125477923,11.921616422857161,11.60795084323679,11.710432046395663,11.4479498715093,]
Targets1_y = [22.04922972854534,21.372639962760278,21.846182173139812,21.414786317827634,21.055301376891197,21.93470991070007,21.406122291065962,21.60862274621086,21.185751655775828,22.010134674885062,21.371610419542538,21.3415822573813,21.886891146613323,21.070610133088923,21.256424134107036,]
Targets2_x = [12.442638633744716,13.063551067350833,12.906493162343166,13.30894346605839,13.290960323303564,13.549997631130083,13.322248198640974,13.676347724150329,]
Targets2_y = [
21.255728299778195,21.112160601609553,21.688465041307424,21.11905072086656,21.614092554280504,21.1090480255233,21.87616124055624,21.68353905132745,]
center1_x = [10.9362774934,14.5266452229]
center1_y = [21.1162305489,22.3506911246]
image_corners1_x = [13.172483854985341,8.697086948542218,8.700071131782042,13.175468038225166,]
image_corners1_y = [22.387877739787918,22.382615630008363,19.84458335792342,19.849845467702973,]
image_corners2_x = [16.772419179964782,12.297110793195678,12.280871265789159,16.75617965255826,]
image_corners2_y = [23.605364310525708,23.634000010519205,21.096017938627465,21.067382238633968,]