
Targets1_x = [12.969839164317188,13.152527259347229,12.961622765041492,13.021345855568843,13.08521444802454,12.70348006399406,12.852153651373978,12.38237894637908,12.50554787006982,12.098492846983287,12.276906125477923,11.921616422857161,11.60795084323679,11.710432046395663,11.4479498715093,]
Targets1_y = [22.049234702184073,21.372639962760278,21.841952119353003,21.414786317827634,21.059536404316738,21.93470991070007,21.406127264704697,21.608617772572124,21.18575662941456,22.010139648523793,21.371610419542538,21.3415822573813,21.886891146613323,21.070610133088923,21.256424134107036,]
Targets2_x = [12.273434214350392,12.596179111850187,12.55503419612032,12.95886196721119,12.84254290574833,13.200845609511665,13.431248888650861,13.661873648113302,13.986610995798191,]
Targets2_y = [
21.610999205379148,21.171813904161752,21.672774599578037,21.251821473323982,21.78089736983876,21.856830502655406,21.20511036140598,21.730106520528615,21.69720001346531,]
center1_x = [10.9362774934,14.5266452229]
center1_y = [21.1162305489,22.3506911246]
image_corners1_x = [13.172483854985341,8.697086948542218,8.700071131782042,13.175468038225166,]
image_corners1_y = [22.387877739787918,22.382615630008363,19.84458335792342,19.849845467702973,]
image_corners2_x = [16.808741021678806,12.336263999699938,12.244549424075135,16.717026446054007,]
image_corners2_y = [23.538017631888106,23.699741000239843,21.163364617265064,21.001641248913327,]