
Targets1_x = [16.012472355263036,15.674207740697977,16.287910781454546,15.251187460486523,15.826725644336737,15.636332438614911,15.145614988910706,15.056892794289762,]
Targets1_y = [22.064316853375473,21.70040186614907,20.80386578308621,21.738309702481946,21.087102250090116,21.192780457977808,21.27296283089074,20.989514891263084,]
Targets2_x = [15.816304036060318,16.439140872015255,16.680288885760078,16.28682344374579,16.925573180877365,16.670181913529312,16.70535068243757,17.056508645665552,17.5030793550558,17.998766729285542,18.351501581888403,17.637687310223836,18.353988970172075,18.043211318046044,18.529196918991975,18.87143301208537,19.301774708142368,19.49399157344474,18.949115530661594,]
Targets2_y = [
21.45340133426766,21.30011481504375,21.299056637298957,21.87888176644045,21.293676661784655,21.802776137239107,22.05586920410871,21.861999774309368,21.581416114524256,21.41822522254305,21.296249465450497,22.12427223142452,21.79546165122409,22.094222246511425,21.68161077804047,21.46678166678323,21.41080089525308,21.300808028846355,21.922033809273543,]
center1_x = [16.4739633143,17.9170651134]
center1_y = [20.9858297835,22.5158654264]
image_corners1_x = [18.71117513511884,14.235775466045002,14.236751493539233,18.712151162613072,]
image_corners1_y = [22.255707233853908,22.253986172039077,19.715952333244843,19.71767339505967,]
image_corners2_x = [20.182054506037385,15.707730639932391,15.652075720818932,20.126399586923924,]
image_corners2_y = [23.73550821066987,23.833646384706604,21.296222642113985,21.198084468077248,]