
Targets1_x = [14.252809561511292,14.565958991824338,14.764820443904599,14.519623576945293,14.392858528854772,15.251187460486523,15.145614988910706,15.056892794289762,15.674207740697977,16.012472355263036,15.636332438614911,15.826725644336737,16.287910781454546,]
Targets1_y = [21.957888731029712,21.632294765108742,21.50546952865608,21.124670103512496,20.769296564706593,21.738309702481946,21.27296283089074,20.989514891263084,21.70040186614907,22.064316853375473,21.192780457977808,21.087102250090116,20.80386578308621,]
Targets2_x = [16.688763688376028,16.507907193352416,16.312534524901434,16.46660941999651,15.893468409717405,16.492231480567362,16.164689976056195,15.645180788331375,15.782088210798841,15.245369432981997,15.455268876953463,14.709826097662507,14.903069361442023,14.415444095909196,14.54242637477709,14.334319104853703,13.986610995798191,13.431248888650861,]
Targets2_y = [
21.273563781731674,21.3055004234812,21.287168110449354,21.80223382492586,21.05258495584951,22.0425781508043,21.880876277546832,21.209711702418854,21.48412737576484,21.156443615720743,21.9276928285799,21.095385091141083,21.757183233616125,21.148358064680224,21.850647574916547,21.714256745931294,21.69720001346531,21.20511036140598,]
center1_x = [16.4739633143,14.5266452229]
center1_y = [20.9858297835,22.3506911246]
image_corners1_x = [18.71117513511884,14.235775466045002,14.236751493539233,18.712151162613072,]
image_corners1_y = [22.255707233853908,22.253986172039077,19.715952333244843,19.71767339505967,]
image_corners2_x = [16.808741021678806,12.336263999699938,12.244549424075135,16.717026446054007,]
image_corners2_y = [23.538017631888106,23.699741000239843,21.163364617265064,21.001641248913327,]