
Targets1_x = [15.276221036469671,15.016449907691618,14.686668504810045,15.56200733595237,15.195354563187756,15.009777488514585,13.862904755930664,14.629484895842573,14.313320697841366,14.148961449535888,13.4867290843808,14.585805416620296,14.15497901913081,13.83001560320945,13.369850612243152,12.948434038403748,14.089900793324562,12.619625081684655,12.588748666369503,13.434771519062048,13.211486318505562,12.229809590227392,12.835468952144938,12.607297919547138,12.370418129137324,12.655886832039654,11.762519879543373,11.869899054124689,]
Targets1_y = [22.0224712503546,21.698141055190202,21.72951500110011,20.883041820270652,21.138809103061728,21.241324074426878,21.93696475172308,21.319499359491697,21.524235306870548,21.63932719187248,21.993967440474282,21.061695738065637,21.182442366028052,21.3237735996012,21.495438487840673,21.79379972855638,20.878221860906663,22.007063513530966,21.770342028310395,20.979017104015313,21.14941555074086,21.886474204555903,21.236028213293284,21.283779383583635,21.285045825097562,20.877428362556685,21.516722186885694,21.02968462659122,]
Targets2_x = [12.596179111850187,12.273434214350392,12.95886196721119,12.55503419612032,13.431248888650861,12.84254290574833,13.200845609511665,13.661873648113302,14.415444095909196,14.709826097662507,13.986610995798191,14.334319104853703,15.245369432981997,14.54242637477709,14.903069361442023,15.645180788331375,15.893468409717405,15.782088210798841,15.455268876953463,16.312534524901434,]
Targets2_y = [
21.171813904161752,21.610999205379148,21.251821473323982,21.672774599578037,21.20511036140598,21.78089736983876,21.856830502655406,21.730106520528615,21.148358064680224,21.095385091141083,21.69720001346531,21.714256745931294,21.156443615720743,21.850647574916547,21.757183233616125,21.209711702418854,21.05258495584951,21.48412737576484,21.9276928285799,21.287168110449354,]
center1_x = [13.3878118747,14.5266452229]
center1_y = [20.8988959404,22.3506911246]
image_corners1_x = [15.632264402949492,11.156928362706928,11.143359346486296,15.61869538672886,]
image_corners1_y = [22.15593146831789,22.179858166920273,19.641860412529404,19.61793371392702,]
image_corners2_x = [16.808741021678806,12.336263999699938,12.244549424075135,16.717026446054007,]
image_corners2_y = [23.538017631888106,23.699741000239843,21.163364617265064,21.001641248913327,]