
Targets1_x = [15.194046090218839,15.016383708366288,15.012153651655511,15.274417167723565,]
Targets1_y = [21.15269934307015,21.249990647417974,21.70683677218168,22.03255113891136,]
Targets2_x = [16.27580310964744,15.87394772212381,]
Targets2_y = [
22.21130134321612,21.779835558717068,]
center1_x = [13.3878118747,17.9170651134]
center1_y = [20.8988959404,22.5158654264]
image_corners1_x = [15.625511874717894,11.150111874717894,11.150111874717894,15.625511874717894,]
image_corners1_y = [22.16791295365616,22.16791295365616,19.629878927191132,19.629878927191132,]
image_corners2_x = [20.15476511342816,15.679365113428158,15.679365113428158,20.15476511342816,]
image_corners2_y = [23.78488243962444,23.78488243962444,21.246848413159412,21.246848413159412,]