
Targets1_x = [16.688763688376028,16.492231480567362,16.507907193352416,16.46660941999651,16.312534524901434,16.164689976056195,15.782088210798841,15.455268876953463,14.903069361442023,]
Targets1_y = [21.273563781731674,22.0425781508043,21.3055004234812,21.80223382492586,21.287168110449354,21.880876277546832,21.48412737576484,21.9276928285799,21.757183233616125,]
Targets2_x = [15.816304036060318,16.28682344374579,16.439140872015255,16.680288885760078,16.670181913529312,16.70535068243757,16.925573180877365,17.056508645665552,17.5030793550558,17.637687310223836,]
Targets2_y = [
21.45340133426766,21.87888176644045,21.30011481504375,21.299056637298957,21.802776137239107,22.05586920410871,21.293676661784655,21.861999774309368,21.581416114524256,22.12427223142452,]
center1_x = [14.5266452229,17.9170651134]
center1_y = [22.3506911246,22.5158654264]
image_corners1_x = [16.808741021678806,12.336263999699938,12.244549424075135,16.717026446054007,]
image_corners1_y = [23.538017631888106,23.699741000239843,21.163364617265064,21.001641248913327,]
image_corners2_x = [20.182054506037385,15.707730639932391,15.652075720818932,20.126399586923924,]
image_corners2_y = [23.73550821066987,23.833646384706604,21.296222642113985,21.198084468077248,]