
Targets1_x = [14.9792612909299,15.156923672782453,15.503788323066006,15.935254107565061,15.626459967678482,15.508018379776782,15.939484164275836,16.239818190740863,]
Targets1_y = [21.640041597166377,21.530060122686226,21.32278734385825,21.276256720039722,21.720412674671103,21.84308431928358,21.783863525332727,22.164568629302483,]
Targets2_x = [16.27580310964744,15.87394772212381,]
Targets2_y = [
22.21130134321612,21.779835558717068,]
center1_x = [14.5266452229,17.9170651134]
center1_y = [22.3506911246,22.5158654264]
image_corners1_x = [16.76434522287697,12.28894522287697,12.28894522287697,16.76434522287697,]
image_corners1_y = [23.6197081378091,23.6197081378091,21.08167411134407,21.08167411134407,]
image_corners2_x = [20.15476511342816,15.679365113428158,15.679365113428158,20.15476511342816,]
image_corners2_y = [23.78488243962444,23.78488243962444,21.246848413159412,21.246848413159412,]