
Targets1_x = [10.417125883671417,10.55686200945174,10.17491532872429,10.288583592379196,9.782769157100404,10.041043561908666,9.507041790791334,9.633059810296398,9.6623376742321,9.290779042628387,9.34294555811982,8.998274414815613,9.020689765411255,8.710475114984314,8.469046474565815,8.67181738632626,8.435056362243778,8.186689785194302,8.192801175246332,]
Targets1_y = [21.52510406822386,20.94613077935942,21.583004857312734,20.975024606435674,21.710878369012708,21.138880728424706,21.66627393769418,21.192158533227882,20.93575657104541,21.591054083255454,21.094478696143195,21.544254754932883,21.112044792580384,21.591925261884718,21.51341306193993,21.104798242380873,21.21887130410981,21.16078195679364,20.918413634859817,]
Targets2_x = [8.96742155629175,9.30338206644686,9.247011194669808,9.66346219172096,9.531096401643545,10.137051820286604,9.886922395401468,10.355823305707837,10.155149974292105,10.672951672785027,11.122518261063481,11.024209666823422,11.41837597055979,11.228069967688569,]
Targets2_y = [
21.734027535286202,21.304867270019383,21.804343843301336,21.39587478662459,21.921165873499,21.363560776676596,22.007967546003933,21.8953079114076,22.31100561459534,21.872347194270215,21.336785353683094,21.899953181167938,21.29279541604433,22.042613868666013,]
center1_x = [8.35434234489,11.1970790228]
center1_y = [21.0206033213,22.5419455797]
image_corners1_x = [10.408517903451672,5.970932235722346,6.300166786328505,10.737752454057832,]
image_corners1_y = [22.56917306285595,21.988622805287086,19.472033579731704,20.052583837300567,]
image_corners2_x = [13.441985685697384,8.966658584594422,8.952172359824361,13.427499460927324,]
image_corners2_y = [23.79816990066242,23.823713943673624,21.28572125873811,21.260177215726905,]