
Targets1_x = [10.412931568295493,10.548473378699889,10.17491532872429,10.29277790775512,9.786414748225319,10.041043561908666,9.502298751164398,9.633059810296398,9.666531989608025,9.289681594126368,9.34294555811982,8.998274414815613,9.021238489662265,8.711023839235326,8.468497750314805,8.67181738632626,8.439250677619704,8.190884100570226,8.192801175246332,]
Targets1_y = [21.52455534397285,20.945033330857402,21.583004857312734,20.975573330686682,21.71562140863964,21.138880728424706,21.669919528819094,21.192158533227882,20.936305295296417,21.599442714007303,21.094478696143195,21.544254754932883,21.107850477204458,21.587730946508792,21.517607377315855,21.104798242380873,21.219420028360823,21.161330681044653,20.918413634859817,]
Targets2_x = [9.58778128104792,]
Targets2_y = [
21.443492501198204,]
center1_x = [8.35434234489,11.1970790228]
center1_y = [21.0206033213,22.5419455797]
image_corners1_x = [10.408517903451672,5.970932235722346,6.300166786328505,10.737752454057832,]
image_corners1_y = [22.56917306285595,21.988622805287086,19.472033579731704,20.052583837300567,]
image_corners2_x = [13.478354043441861,9.005766366306789,8.915804002079883,13.388391679214957,]
image_corners2_y = [23.730848330092623,23.8894819656794,21.35304282930791,21.19440919372113,]