
Targets1_x = [10.548473378699889,10.412931568295493,10.29277790775512,]
Targets1_y = [20.945033330857402,21.52455534397285,20.975573330686682,]
Targets2_x = [11.168692121572361,11.409687846902433,]
Targets2_y = [
21.215328560143607,21.983921437461575,]
center1_x = [8.35434234489,13.3878118747]
center1_y = [21.0206033213,20.8988959404]
image_corners1_x = [10.408517903451672,5.970932235722346,6.300166786328505,10.737752454057832,]
image_corners1_y = [22.56917306285595,21.988622805287086,19.472033579731704,20.052583837300567,]
image_corners2_x = [15.632264402949492,11.156928362706928,11.143359346486296,15.61869538672886,]
image_corners2_y = [22.15593146831789,22.179858166920273,19.641860412529404,19.61793371392702,]