
Targets1_x = [12.969839164317188,12.70348006399406,12.098492846983287,12.961622765041492,11.282127281600427,11.60795084323679,10.067972530179402,11.096124282310457,12.38237894637908,10.495382040002692,10.783100302086646,9.742303151343766,13.021345855568843,13.152527259347229,12.852153651373978,9.475889340994573,12.276906125477923,9.141769801862786,11.921616422857161,12.50554787006982,13.08521444802454,11.181337115610788,10.297101691367141,9.857096519319352,11.4479498715093,10.889538008902013,10.57647423956834,11.710432046395663,9.506116448705129,9.125391713337455,9.857409858559535,9.041307896029526,]
Targets1_y = [22.049234702184073,21.93470991070007,22.010139648523793,21.841952119353003,21.979569359740662,21.886891146613323,22.08812332388129,21.877829228753008,21.608617772572124,21.94057377885504,21.87746117948676,22.049669869617574,21.414786317827634,21.372639962760278,21.406127264704697,21.98167566978846,21.371610419542538,21.934752160673657,21.3415822573813,21.18575662941456,21.059536404316738,21.357632085750254,21.487724262646104,21.5548878648068,21.256424134107036,21.29383809787555,21.327310478903772,21.070610133088923,21.45718381569537,21.473656403356628,21.288394476237883,21.03363133675391,]
Targets2_x = [9.58778128104792,12.763486378611878,13.039316845968106,]
Targets2_y = [
21.443492501198204,21.23773690303353,21.257582770166614,]
center1_x = [10.9362774934,11.1970790228]
center1_y = [21.1162305489,22.5419455797]
image_corners1_x = [13.172483854985341,8.697086948542218,8.700071131782042,13.175468038225166,]
image_corners1_y = [22.387877739787918,22.382615630008363,19.84458335792342,19.849845467702973,]
image_corners2_x = [13.478354043441861,9.005766366306789,8.915804002079883,13.388391679214957,]
image_corners2_y = [23.730848330092623,23.8894819656794,21.35304282930791,21.19440919372113,]