
Targets1_x = [15.56200733595237,15.276221036469671,15.195354563187756,15.016449907691618,15.009777488514585,14.686668504810045,14.629484895842573,14.585805416620296,14.313320697841366,14.148961449535888,14.15497901913081,14.089900793324562,13.862904755930664,13.83001560320945,13.4867290843808,13.434771519062048,13.369850612243152,]
Targets1_y = [20.883041820270652,22.0224712503546,21.138809103061728,21.698141055190202,21.241324074426878,21.72951500110011,21.319499359491697,21.061695738065637,21.524235306870548,21.63932719187248,21.182442366028052,20.878221860906663,21.93696475172308,21.3237735996012,21.993967440474282,20.979017104015313,21.495438487840673,]
Targets2_x = [14.252809561511292,14.392858528854772,14.519623576945293,14.565958991824338,14.764820443904599,15.056892794289762,15.145614988910706,15.251187460486523,15.636332438614911,15.674207740697977,15.826725644336737,16.012472355263036,16.287910781454546,]
Targets2_y = [
21.957888731029712,20.769296564706593,21.124670103512496,21.632294765108742,21.50546952865608,20.989514891263084,21.27296283089074,21.738309702481946,21.192780457977808,21.70040186614907,21.087102250090116,22.064316853375473,20.80386578308621,]
center1_x = [13.3878118747,16.4739633143]
center1_y = [20.8988959404,20.9858297835]
image_corners1_x = [15.632264402949492,11.156928362706928,11.143359346486296,15.61869538672886,]
image_corners1_y = [22.15593146831789,22.179858166920273,19.641860412529404,19.61793371392702,]
image_corners2_x = [18.71117513511884,14.235775466045002,14.236751493539233,18.712151162613072,]
image_corners2_y = [22.255707233853908,22.253986172039077,19.715952333244843,19.71767339505967,]