
Targets1_x = [13.152527259347229,13.08521444802454,13.021345855568843,12.961622765041492,12.969839164317188,12.852153651373978,12.70348006399406,12.50554787006982,12.38237894637908,12.276906125477923,12.098492846983287,11.921616422857161,11.710432046395663,11.60795084323679,11.4479498715093,11.282127281600427,11.181337115610788,11.096124282310457,10.889538008902013,10.783100302086646,10.57647423956834,10.495382040002692,10.297101691367141,]
Targets1_y = [21.372639962760278,21.059536404316738,21.414786317827634,21.841952119353003,22.049234702184073,21.406127264704697,21.93470991070007,21.18575662941456,21.608617772572124,21.371610419542538,22.010139648523793,21.3415822573813,21.070610133088923,21.886891146613323,21.256424134107036,21.979569359740662,21.357632085750254,21.877829228753008,21.29383809787555,21.87746117948676,21.327310478903772,21.94057377885504,21.487724262646104,]
Targets2_x = [11.168692121572361,11.409687846902433,11.591895282547481,11.762519879543373,11.869899054124689,12.229809590227392,12.370418129137324,12.588748666369503,12.619625081684655,12.607297919547138,12.655886832039654,12.835468952144938,12.948434038403748,13.211486318505562,13.369850612243152,13.4867290843808,13.434771519062048,13.862904755930664,13.83001560320945,14.148961449535888,]
Targets2_y = [
21.215328560143607,21.983921437461575,21.25113702375603,21.516722186885694,21.02968462659122,21.886474204555903,21.285045825097562,21.770342028310395,22.007063513530966,21.283779383583635,20.877428362556685,21.236028213293284,21.79379972855638,21.14941555074086,21.495438487840673,21.993967440474282,20.979017104015313,21.93696475172308,21.3237735996012,21.63932719187248,]
center1_x = [10.9362774934,13.3878118747]
center1_y = [21.1162305489,20.8988959404]
image_corners1_x = [13.172483854985341,8.697086948542218,8.700071131782042,13.175468038225166,]
image_corners1_y = [22.387877739787918,22.382615630008363,19.84458335792342,19.849845467702973,]
image_corners2_x = [15.632264402949492,11.156928362706928,11.143359346486296,15.61869538672886,]
image_corners2_y = [22.15593146831789,22.179858166920273,19.641860412529404,19.61793371392702,]