
Targets1_x = [13.039316845968106,12.763486378611878,]
Targets1_y = [21.257582770166614,21.23773690303353,]
Targets2_x = [12.273434214350392,12.55503419612032,12.596179111850187,12.84254290574833,12.95886196721119,13.200845609511665,13.431248888650861,13.661873648113302,13.986610995798191,]
Targets2_y = [
21.610999205379148,21.672774599578037,21.171813904161752,21.78089736983876,21.251821473323982,21.856830502655406,21.20511036140598,21.730106520528615,21.69720001346531,]
center1_x = [11.1970790228,14.5266452229]
center1_y = [22.5419455797,22.3506911246]
image_corners1_x = [13.478354043441861,9.005766366306789,8.915804002079883,13.388391679214957,]
image_corners1_y = [23.730848330092623,23.8894819656794,21.35304282930791,21.19440919372113,]
image_corners2_x = [16.808741021678806,12.336263999699938,12.244549424075135,16.717026446054007,]
image_corners2_y = [23.538017631888106,23.699741000239843,21.163364617265064,21.001641248913327,]