
Targets1_x = [11.409687846902433,11.168692121572361,11.762519879543373,11.591895282547481,12.229809590227392,11.869899054124689,12.619625081684655,12.588748666369503,12.370418129137324,12.948434038403748,12.607297919547138,12.835468952144938,13.4867290843808,12.655886832039654,13.369850612243152,13.211486318505562,13.862904755930664,13.434771519062048,13.83001560320945,14.148961449535888,14.15497901913081,14.089900793324562,]
Targets1_y = [21.983921437461575,21.215328560143607,21.516722186885694,21.25113702375603,21.886474204555903,21.02968462659122,22.007063513530966,21.770342028310395,21.285045825097562,21.79379972855638,21.283779383583635,21.236028213293284,21.993967440474282,20.877428362556685,21.495438487840673,21.14941555074086,21.93696475172308,20.979017104015313,21.3237735996012,21.63932719187248,21.182442366028052,20.878221860906663,]
Targets2_x = [13.039316845968106,12.763486378611878,]
Targets2_y = [
21.257582770166614,21.23773690303353,]
center1_x = [13.3878118747,11.1970790228]
center1_y = [20.8988959404,22.5419455797]
image_corners1_x = [15.632264402949492,11.156928362706928,11.143359346486296,15.61869538672886,]
image_corners1_y = [22.15593146831789,22.179858166920273,19.641860412529404,19.61793371392702,]
image_corners2_x = [13.478354043441861,9.005766366306789,8.915804002079883,13.388391679214957,]
image_corners2_y = [23.730848330092623,23.8894819656794,21.35304282930791,21.19440919372113,]