Targets2_x = [9.141769801862786,12.276906125477923,12.553470864164263,]
Targets2_y = [
21.934752160673657,21.371610419542538,21.36020904366871,]
center2_x = [10.709337963670354]
center2_y = [21.653181290108098]
image_corners2_x = [13.266951992867872,8.840794788756575,8.465329383685635,12.891486587796932,13.266951992867872]
image_corners2_y = [23.76844667680077,24.430517341075863,21.920409285814266,21.258338621539167,23.76844667680077]