Targets2_x = [16.278233472070802,15.879762362597956,]
Targets2_y = [
20.616287851256637,20.181694649986035,]
center1_x = [14.5266452229,17.9170651134]
center1_y = [21.2379379297,20.9336694782]
image_corners1_x = [16.772419179964782,12.297110793195678,12.280871265789159,16.75617965255826,]
image_corners1_y = [22.49261111567497,22.521246815668466,19.983264743776726,19.95462904378323,]
image_corners2_x = [20.14477911180038,15.669515787829301,15.689351115055938,20.164614439027016,]
image_corners2_y = [22.22013588322111,22.185159589544806,19.647203073115087,19.68217936679139,]