Targets2_x = [11.867135005957334,11.962180207870196,12.196908018075609,12.29873198059992,12.443903979477623,12.62192577161645,12.807519391214347,12.919782556605401,12.914822561941481,12.994744965227989,13.083487344943409,13.18085525276921,13.200925318081573,13.488539894117897,13.57071068951832,13.601214866506261,13.685994949106254,13.905354108927996,13.955391318520316,14.168153438071231,]
Targets2_y = [
21.1580383327382,21.794884639698154,21.23877671323258,21.469664906437654,21.09835244153118,21.81958993445406,21.36205988085039,21.772371733953342,21.963142706893937,21.390423072266007,21.0755427721174,21.380996840521256,21.835482889567803,21.359207779016213,21.65209947815008,22.060285619254216,21.252318960881972,22.061899754500875,21.573573851431462,21.86230880513137,]
center2_x = [13.774623161120854]
center2_y = [21.048804848914]
image_corners2_x = [15.824887518289236,11.399975030067324,11.78012958097735,16.205042069199262,15.824887518289236]
image_corners2_y = [22.748226586601763,22.077887395163753,19.568485227930154,20.238824419368164,22.748226586601763]