Targets2_x = [11.330559715782776,11.247820252692016,]
Targets2_y = [
21.731562944833737,21.467687052771442,]
center2_x = [9.584867394708278]
center2_y = [22.893910741902783]
image_corners2_x = [9.190856939021801,7.402308101079605,9.728853268475067,11.517402106417267,9.190856939021801]
image_corners2_y = [23.047415602923955,18.944940957749946,17.930641049654184,22.033115694828194,23.047415602923955]