Targets2_x = [8.430017808688905,8.782401723499289,8.703359600809806,9.134414451145323,8.97898249216695,9.604475663620441,9.326982255378871,9.79614786077605,9.578240336049774,10.11097511491736,10.580714768477682,10.457213338452405,10.875477200448435,10.652260242566756,]
Targets2_y = [
21.290185959022704,20.881239634261963,21.37278083554494,20.988055809429646,21.50159655907984,20.97814964296854,21.60405339677384,21.514437175668874,21.916367016201118,21.50649540988344,20.997571347309496,21.550172947703075,20.967832894155627,21.700815033085412,]
center2_x = [10.640153563152712]
center2_y = [22.190330238291853]
image_corners2_x = [12.783739298988788,8.31216440256872,8.417076432936542,12.888651329356609,12.783739298988788]
image_corners2_y = [23.561928989062555,23.376934108847294,20.84106932826881,21.02606420848407,23.561928989062555]