Targets2_x = [15.867691272714913,16.197687585206154,16.33877799753894,16.518384399878563,16.486770902349654,16.500854164987338,16.701277294958814,16.77159287666487,17.117521420486725,17.19178932975033,]
Targets2_y = [
21.298482894515445,21.637790648580594,21.214131854447153,21.224875697137282,21.5994556298126,21.789587345191023,21.232599381013546,21.662027035916463,21.474463051254816,21.885103918457645,]
center2_x = [17.71299730857868]
center2_y = [22.338972210686826]
image_corners2_x = [19.84162405034854,15.370209494686495,15.477296845407349,19.94871140106939,19.84162405034854]
image_corners2_y = [23.77334031964973,23.58450962454529,21.0487357744534,21.237566469557837,23.77334031964973]