Targets2_x = [16.278233472070802,15.879762362597956,]
Targets2_y = [
20.616287851256637,20.181694649986035,]
center1_x = [16.4739633143,17.9170651134]
center1_y = [20.9336694782,20.9336694782]
image_corners1_x = [18.71117513511884,14.235775466045002,14.236751493539233,18.712151162613072,]
image_corners1_y = [22.203546928472633,22.201825866657803,19.66379202786357,19.665513089678395,]
image_corners2_x = [20.14477911180038,15.669515787829301,15.689351115055938,20.164614439027016,]
image_corners2_y = [22.22013588322111,22.185159589544806,19.647203073115087,19.68217936679139,]