Targets2_x = [14.786134878902834,15.39418134034982,15.62715783151559,15.2227767513507,15.86431096057188,15.596266486551093,15.619620965650528,15.966946914941124,16.410072163200166,16.89571658557979,17.241550090627378,16.517323709649045,17.223013077658784,16.910291980896844,17.397027215655374,17.7366144250297,18.154642523620616,18.344924258990158,17.792554567387846,]
Targets2_y = [
21.269357354023484,21.147418445282483,21.15651137009113,21.700077801773823,21.16160323868491,21.64264521517267,21.888590574199114,21.716055734257747,21.463763142532436,21.326923967498633,21.223899527453074,21.993770346626935,21.70620789799539,21.981754031794537,21.60358508981393,21.410430432933442,21.374407780811826,21.276224983034353,21.85343056802964,]
center2_x = [16.857585124446473]
center2_y = [22.364724541400527]
image_corners2_x = [19.021835221551363,14.547466434585834,14.601947511983463,19.07631629894899,19.021835221551363]
image_corners2_y = [23.73631712379492,23.640248823983768,21.10279960642298,21.198867906234128,23.73631712379492]