Targets2_x = [16.23393253066803,16.02976178883649,15.81449916054516,15.934081914877563,15.372341639841462,15.938462846979927,15.59070327514597,15.08069247876546,15.205319769987018,14.641757192200458,14.79769458109639,14.052775981027931,14.201175519996184,13.720345968801624,13.79105701806704,13.573476993848388,13.188809783461902,12.621009532527474,]
Targets2_y = [
21.124337128691053,21.141697566317042,21.101743610737003,21.689533465789168,20.799067879514617,21.95917477105681,21.746659315556293,20.948782001728745,21.267438271017856,20.849515433081024,21.727574549649933,20.72798714887265,21.482753589294852,20.75734431116979,21.550463606017164,21.37804536505119,21.324239723892845,20.721758661364394,]
center2_x = [13.954897405780981]
center2_y = [22.146745868767375]
image_corners2_x = [16.052320225241566,11.583399102507805,11.71991686154653,16.188837984280294,16.052320225241566]
image_corners2_y = [23.41080655836358,23.17008024325863,20.63572043830565,20.8764467534106,23.41080655836358]