Targets2_x = [12.216607209120975,12.764338001211334,12.599952630899258,12.977763400429959,12.938410949000588,13.188218196961092,12.953125015318687,13.270789114607572,]
Targets2_y = [
21.469182352947612,21.37383488447847,21.868323825334375,21.391578738813063,21.82193662398142,21.39440010615051,22.051715134313497,21.90087052398057,]
center2_x = [14.165494558945552]
center2_y = [22.57360780593838]
image_corners2_x = [16.29251058890113,11.822368539779314,11.945360628115493,16.415502677237306,16.29251058890113]
image_corners2_y = [24.010809845282285,23.793933796182827,21.25888159441242,21.47575764351188,24.010809845282285]