Targets2_x = [12.757625134591061,13.04517808998892,]
Targets2_y = [
21.23731518939476,21.258004483805383,]
center2_x = [15.013812629931605]
center2_y = [21.956464058698064]
image_corners2_x = [17.522682345371418,13.119804967806047,12.664747037472878,17.067624415038253,17.522682345371418]
image_corners2_y = [22.492957507371752,23.29537632452591,20.79847043932816,19.996051622174004,22.492957507371752]