Targets2_x = [13.709990347772855,13.902653265167991,13.995652223444235,14.008165139696368,14.192971254389503,14.483148324813207,14.546263167864243,14.614082164432642,14.989059903013919,14.994017669768317,15.165100851293257,15.275411358721522,15.593070725595021,]
Targets2_y = [
21.817412938792398,20.763900546006564,21.0884769264078,21.544447933487255,21.44249485003218,20.99832896411193,21.256508543333513,21.678091850289253,21.21280701555759,21.668294015870618,21.129257799080428,22.01252571493018,20.90253865967637,]
center2_x = [15.776121365847532]
center2_y = [21.015508879261102]
image_corners2_x = [17.94837638865885,13.482131936241741,13.644393793716828,18.110638246133945,17.94837638865885]
image_corners2_y = [22.453089991745138,22.16696824973073,19.634126405259778,19.920248147274183,22.453089991745138]