Targets2_x = [12.013353690934082,12.305772744316743,12.302789875733104,12.678582412691052,12.601771511371844,12.969839164317188,13.152527259347229,13.426134139917163,13.751881157579332,]
Targets2_y = [
21.87219890599655,21.40334256203366,21.91294465437975,21.45627014257589,22.000088449988663,22.049234702184073,21.372639962760278,21.8855934435807,21.82729863147849,]
center2_x = [13.061183211832208]
center2_y = [21.710937332472177]
image_corners2_x = [16.696348337525002,12.249108273572467,11.964840189913579,16.412080253866115,16.696348337525002]
image_corners2_y = [23.446656998934483,23.947916386452995,21.4258520779733,20.924592690454787,23.446656998934483]