Targets2_x = [12.992367599004563,12.659197624382942,13.243237124042036,12.85405610652631,13.602494358026615,13.043300167909138,13.291809356974582,13.65990300546047,14.342251849744015,14.571273421646445,13.907041880513601,14.160400105714075,14.954005651160323,14.28486089179697,14.571584731083249,15.23808033504489,15.455460682325896,15.280181289968466,14.943056028028307,15.71471734719628,]
Targets2_y = [
20.69146328519257,20.9466042075057,20.828720573615627,21.052920399910462,20.895933167503376,21.1947699960866,21.328071997191117,21.333691218471962,21.065955941145752,21.090201121820876,21.379307787086304,21.466805473810332,21.2506814779116,21.612449902066295,21.62103438870598,21.376169177522264,21.31349431033273,21.608509016308695,21.866010274593847,21.57716033771036,]
center2_x = [14.134447619198047]
center2_y = [22.44776378613541]
image_corners2_x = [15.748622603364591,11.409453168447838,12.030899191813656,16.37006862673041,15.748622603364591]
image_corners2_y = [23.9188637950701,22.823047307201705,20.36227069004665,21.458087177915043,23.9188637950701]