Targets2_x = [8.47992799247901,8.504272341097243,8.831696206395229,8.871230214416281,8.84424131149293,9.158578677984691,9.23587670331157,9.40639313353205,9.586528032236101,9.561602529002128,9.71345369879051,9.987473342150901,10.13473959662494,10.268754645331327,10.414989199960678,10.570439009458497,10.713508420820041,10.842853369065091,10.88151090612219,11.10649354095148,]
Targets2_y = [
20.935223516219754,21.43449839863775,20.54614749355923,20.9736008783419,21.414894194214593,21.490524462760572,20.993072566004212,21.57999466239657,20.86454918640264,21.118693928485612,21.64676555807534,21.095296094565064,21.545533968451963,20.968114872569657,21.511927033351416,20.96512009959585,21.54120460857862,21.052930113157576,21.655429941154594,20.98103857178851,]
center2_x = [10.604634261448192]
center2_y = [20.76508129860595]
image_corners2_x = [12.743878794457917,8.289848971739305,8.53758062980996,12.99161045252857,12.743878794457917]
image_corners2_y = [22.266234688247707,21.829401197849787,19.30348636455001,19.740319854947927,22.266234688247707]