Targets2_x = [12.908384945252728,13.503237148557524,13.73610090227016,13.9654354964287,13.333852216468738,13.701674093883216,13.72221358038992,14.065331340925727,14.50321606447893,14.981881369184585,15.322794325405823,14.603969332876073,15.30017988696704,15.47228996831359,14.990416921089729,15.807981942355447,16.215137556554268,16.411117356054305,15.854794879237517,16.20445797719223,]
Targets2_y = [
20.577677474257875,20.463052545901533,20.478195147496486,20.477138795689065,21.00499774432373,20.947819281861612,21.197861902005315,21.027290765726626,20.78317367410498,20.652939212814267,20.55471216576759,21.30519183166342,21.032741999655364,20.929370409208026,21.29685520766558,20.73845871432993,20.710638955632803,20.61604053209387,21.18239881878769,21.19305537297479,]
center2_x = [14.852368562069108]
center2_y = [21.737516281600367]
image_corners2_x = [17.026644461296033,12.553321446707086,12.630636282633894,17.103959297222836,17.026644461296033]
image_corners2_y = [23.05885383801433,22.922522010663396,20.385665858722597,20.52199768607353,23.05885383801433]