Targets2_x = [8.413395724330638,8.74538922834353,8.692224900900912,9.104492626934535,8.97580713352281,9.575894064385084,9.330649331109255,9.792692212970683,10.116771478935803,10.55704774832721,10.46250104845666,10.85139697826983,10.666350099609593,]
Targets2_y = [
21.393473818576492,20.96412541271489,21.461831838763388,21.05260898581163,21.576472843943947,21.017616100785574,21.66079358704554,21.545870778531697,21.521023417170063,20.985095800689788,21.54647431428313,20.939532660361834,21.687321937052225,]
center2_x = [10.659386611547314]
center2_y = [22.181811413183787]
image_corners2_x = [12.89191767508971,8.41682278182267,8.387187094568313,12.862281987835356,12.89191767508971]
image_corners2_y = [23.431049546887575,23.483307142079422,20.94544614400738,20.89318854881553,23.431049546887575]