Targets_x = [15.4641009367757,15.436738427468983,];
Targets_y = [
15.493637312133547,16.66130274676588,];
center_x = [14.693873675768502];
center_y = [17.71872465651141];
image_corners_x = [13.437291255787551,13.41246113221605,15.950456095749454,15.975286219320955,13.437291255787551];
image_corners_y = [19.96343089378799,15.48809977475742,15.474018419234827,19.9493495382654,19.96343089378799];
