Targets_x = [18.273015008185766,18.017178366927553,17.967840340524884,17.794022806849295,17.847370917359402,17.68204520138467,17.60249730747751,17.60668431477494,17.3226938679137,17.473965670609672,17.243057075349537,17.32969235716609,17.11184708598124,16.95610843897835,17.03007978508311,16.839575090549808,16.58387157874609,16.700347118276646,16.281818008622658,16.37262540845014,16.367640061487727,16.223780588632135,16.095677681638787,15.98821246246459,16.058944033801904,15.900039184340068,];
Targets_y = [
17.046940256344485,18.218804076892326,16.411203492453147,17.51329786348016,16.95742035732648,18.217220975662855,16.678786178404156,15.995870800893112,18.35797292908149,15.48439064203919,17.1887423561126,16.062636955982487,17.657703869316233,17.746986850936235,16.882975613487726,16.03581488198644,17.258615156514928,15.184304672222218,17.951442544928806,16.405536734807733,15.573347807604192,17.250774096800058,16.892443568167565,17.17234992155087,15.875208691127128,16.63475800383289,];
center_x = [17.167902890502802];
center_y = [16.121724959384498];
image_corners_x = [15.722996328121534,16.08300016782651,18.612809452884072,18.252805613179095,15.722996328121534];
image_corners_y = [18.250092995195295,13.789195955877117,13.993356923573701,18.454253962891876,18.250092995195295];
