Targets_x = [12.499764416771445,13.337315645504903,11.59876233737636,12.229040787281841,12.842399010344224,11.12922604248033,12.457463849663695,12.910079917716624,11.954087101081463,11.150376326034205,11.687593528302635,12.59705572111927,12.11059919938014,11.531081430003958,11.65798313132721,12.13597953964479,];
Targets_y = [
20.928490165999662,20.936950279421215,21.072312094166016,21.12730283140609,21.216134022332366,21.376876177341817,21.592609069591344,21.647599806831423,21.698360487360723,21.94793383329645,22.011384683958074,22.235577689629153,22.286338370158454,22.641663133863556,22.97160755730401,23.37346294482764,];
center_x = [13.2400243412];
center_y = [22.1594366688];
image_corners_x = [15.477724341157078,11.002324341157077,11.002324341157077,15.477724341157078,15.477724341157078];
image_corners_y = [23.428453682067715,23.428453682067715,20.890419655602688,20.890419655602688,23.428453682067715];
