Targets_x = [10.435622626234982,9.488089923021372,11.07859124627279,12.267237182000578,11.746940206575248,10.304490868200956,11.945752871981675,11.383155329448593,10.795177446650861,11.759630376707573,12.41105911016693,11.18857272075294,10.917849091263339,11.86538179447695,11.480446633796419,12.195326217917403,12.41105911016693,11.505826974061069,12.0092037226433,12.030354006197175,12.263007125289803,];
Targets_y = [
20.424740416293545,20.475501096822846,20.560102231038346,20.585482571302997,20.593942684724546,20.67431376222927,20.805445520263298,20.83082586052795,20.839285973949497,20.919657051454223,21.088859319885227,21.105779546728325,21.194610737654603,21.24114136147313,21.29190204200243,21.32574249568863,21.54570544464893,21.757208280187683,21.799508847295435,22.053312249941936,22.40863701364704,];
center_x = [10.249500131];
center_y = [21.672607146];
image_corners_x = [12.48720013096088,8.01180013096088,8.01180013096088,12.48720013096088,12.48720013096088];
image_corners_y = [22.941624159204697,22.941624159204697,20.40359013273967,20.40359013273967,22.941624159204697];
