Targets_x = [12.00340313005178,11.631158139503574,10.167558517575408,9.841844150845729,10.992419576176543,10.535573451412837,11.394274963700171,12.041473640448753,11.66922864990055,10.590564188652912,11.203922411715295,11.254683092244596,11.571937345552724,];
Targets_y = [
21.2287618318612,21.283752569101274,21.3133629660767,21.42334444055685,21.4825652345077,21.541786028458553,21.567166368723203,21.83365994150203,21.84212005492358,22.104383570991633,22.146684138099385,22.45547827798596,22.870023835641916,];
center_x = [9.87568460453];
center_y = [22.4723985048];
image_corners_x = [12.11338460453193,7.63798460453193,7.63798460453193,12.11338460453193,12.11338460453193];
image_corners_y = [23.741415518061576,23.741415518061576,21.20338149159655,21.20338149159655,23.741415518061576];
