Targets_x = [11.838740396354872,13.429241719606289,11.55955665344372,13.023156275371885,12.54938992376508,13.433471776317065,11.758369318850146,11.153471209209314,12.257516010721602,12.604380661005155,13.05276667234731,11.221152116581715,12.024862891628974,12.0883137422906,12.473248902971129,];
Targets_y = [
21.30277223445774,21.33661268814394,21.383143311962467,21.649636884741295,21.691937451849043,21.772308529353772,21.82306920988307,21.82306920988307,21.96266108133865,22.28414539135755,22.313755788332976,22.444887546367003,22.559099077557928,22.90596372784148,23.379730079448287,];
center_x = [13.0400765022];
center_y = [22.5506389641];
image_corners_x = [15.277776502214985,10.802376502214985,10.802376502214985,15.277776502214985,15.277776502214985];
image_corners_y = [23.819655977368893,23.819655977368893,21.281621950903865,21.281621950903865,23.819655977368893];
