
Targets1_x = [12.32773446324868,12.441674379395424,12.212370860790301,12.414780931235166,12.2161869630811,]
Targets1_y = [20.7061472616064,21.21711750882553,21.440890197356463,21.673171369852565,22.525890971370213,]
Targets2_x = []
Targets2_y = [
]
center1_x = [10.24950013096088,16.24926571962301]
center1_y = [21.672607145972183,21.619570544405132]
image_corners1_x = [12.40861548313888,7.9409767334481085,8.090384778782882,12.558023528473653,]
image_corners1_y = [23.07115151990633,22.807695333299346,20.274062772038036,20.53751895864502,]
image_corners2_x = [18.487987301638757,14.012588753852917,14.010544137607264,18.485942685393105,]
image_corners2_y = [22.886784475866783,22.89038981584661,20.35235661294348,20.348751272963653,]