
Targets1_x = [13.269606012618773,13.272128038073832,12.862296582791789,12.889303297835632,]
Targets1_y = [21.25990714837403,21.69561622426633,21.571337018567124,22.23556689674139,]
Targets2_x = []
Targets2_y = [
]
center1_x = [12.87568460453193,15.87568460453193]
center1_y = [22.472398504829062,22.472398504829062]
image_corners1_x = [15.108392656690558,10.633027045077089,10.642976552373302,15.118342163986771,]
image_corners1_y = [23.75017791603414,23.732633618168485,21.194619093623984,21.21216339148964,]
image_corners2_x = [18.112205851469724,13.636807779004718,13.639163357594136,18.11456143005914,]
image_corners2_y = [23.74349180662456,23.739338136378556,21.201305203033563,21.205458873279568,]