
Targets1_x = [13.433471776317065,13.05276667234731,12.604380661005155,12.257516010721602,12.473248902971129,12.024862891628974,11.758369318850146,12.0883137422906,11.153471209209314,11.221152116581715,]
Targets1_y = [21.772308529353772,22.313755788332976,22.28414539135755,21.96266108133865,23.379730079448287,22.559099077557928,21.82306920988307,22.90596372784148,21.82306920988307,22.444887546367003,]
Targets2_x = [11.150376326034205,11.531081430003958,11.12922604248033,11.65798313132721,11.687593528302635,12.13597953964479,11.59876233737636,12.11059919938014,11.954087101081463,12.229040787281841,12.59705572111927,12.457463849663695,12.499764416771445,]
Targets2_y = [
21.94793383329645,22.641663133863556,21.376876177341817,22.97160755730401,22.011384683958074,23.37346294482764,21.072312094166016,22.286338370158454,21.698360487360723,21.12730283140609,22.235577689629153,21.592609069591344,20.928490165999662,]
center1_x = [13.0400765022,13.2400243412]
center1_y = [22.5506389641,22.1594366688]
image_corners1_x = [15.277776502214985,10.802376502214985,10.802376502214985,15.277776502214985,]
image_corners1_y = [23.819655977368893,23.819655977368893,21.281621950903865,21.281621950903865,]
image_corners2_x = [15.477724341157078,11.002324341157077,11.002324341157077,15.477724341157078,]
image_corners2_y = [23.428453682067715,23.428453682067715,20.890419655602688,20.890419655602688,]