
Targets1_x = [12.0883137422906,13.05276667234731,12.604380661005155,12.024862891628974,13.023156275371885,12.257516010721602,11.221152116581715,12.54938992376508,11.758369318850146,11.153471209209314,11.838740396354872,11.55955665344372,]
Targets1_y = [22.90596372784148,22.313755788332976,22.28414539135755,22.559099077557928,21.649636884741295,21.96266108133865,22.444887546367003,21.691937451849043,21.82306920988307,21.82306920988307,21.30277223445774,21.383143311962467,]
Targets2_x = [9.488089923021372,10.435622626234982,10.304490868200956,11.07859124627279,10.795177446650861,11.746940206575248,11.383155329448593,10.917849091263339,11.18857272075294,12.267237182000578,11.945752871981675,]
Targets2_y = [
20.475501096822846,20.424740416293545,20.67431376222927,20.560102231038346,20.839285973949497,20.593942684724546,20.83082586052795,21.194610737654603,21.105779546728325,20.585482571302997,20.805445520263298,]
center1_x = [13.0400765022,10.249500131]
center1_y = [22.5506389641,21.672607146]
image_corners1_x = [15.277776502214985,10.802376502214985,10.802376502214985,15.277776502214985,]
image_corners1_y = [23.819655977368893,23.819655977368893,21.281621950903865,21.281621950903865,]
image_corners2_x = [12.48720013096088,8.01180013096088,8.01180013096088,12.48720013096088,]
image_corners2_y = [22.941624159204697,22.941624159204697,20.40359013273967,20.40359013273967,]