
Targets1_x = [10.167558517575408,10.535573451412837,10.992419576176543,10.590564188652912,11.631158139503574,11.394274963700171,11.203922411715295,11.66922864990055,11.254683092244596,12.041473640448753,11.571937345552724,]
Targets1_y = [21.3133629660767,21.541786028458553,21.4825652345077,22.104383570991633,21.283752569101274,21.567166368723203,22.146684138099385,21.84212005492358,22.45547827798596,21.83365994150203,22.870023835641916,]
Targets2_x = [12.473248902971129,13.05276667234731,13.433471776317065,12.0883137422906,12.604380661005155,13.429241719606289,13.023156275371885,12.024862891628974,12.54938992376508,12.257516010721602,11.221152116581715,11.758369318850146,11.838740396354872,]
Targets2_y = [
23.379730079448287,22.313755788332976,21.772308529353772,22.90596372784148,22.28414539135755,21.33661268814394,21.649636884741295,22.559099077557928,21.691937451849043,21.96266108133865,22.444887546367003,21.82306920988307,21.30277223445774,]
center1_x = [9.87568460453,13.0400765022]
center1_y = [22.4723985048,22.5506389641]
image_corners1_x = [12.11338460453193,7.63798460453193,7.63798460453193,12.11338460453193,]
image_corners1_y = [23.741415518061576,23.741415518061576,21.20338149159655,21.20338149159655,]
image_corners2_x = [15.277776502214985,10.802376502214985,10.802376502214985,15.277776502214985,]
image_corners2_y = [23.819655977368893,23.819655977368893,21.281621950903865,21.281621950903865,]