
Targets1_x = [12.041473640448753,11.631158139503574,11.66922864990055,11.394274963700171,11.571937345552724,10.992419576176543,11.203922411715295,11.254683092244596,10.535573451412837,10.590564188652912,10.167558517575408,9.841844150845729,]
Targets1_y = [21.83365994150203,21.283752569101274,21.84212005492358,21.567166368723203,22.870023835641916,21.4825652345077,22.146684138099385,22.45547827798596,21.541786028458553,22.104383570991633,21.3133629660767,21.42334444055685,]
Targets2_x = [9.488089923021372,10.304490868200956,10.435622626234982,10.917849091263339,10.795177446650861,11.18857272075294,11.505826974061069,11.07859124627279,11.480446633796419,11.383155329448593,12.030354006197175,12.0092037226433,12.263007125289803,11.86538179447695,11.759630376707573,11.746940206575248,11.945752871981675,12.195326217917403,12.41105911016693,12.41105911016693,12.267237182000578,]
Targets2_y = [
20.475501096822846,20.67431376222927,20.424740416293545,21.194610737654603,20.839285973949497,21.105779546728325,21.757208280187683,20.560102231038346,21.29190204200243,20.83082586052795,22.053312249941936,21.799508847295435,22.40863701364704,21.24114136147313,20.919657051454223,20.593942684724546,20.805445520263298,21.32574249568863,21.54570544464893,21.088859319885227,20.585482571302997,]
center1_x = [9.87568460453,10.249500131]
center1_y = [22.4723985048,21.672607146]
image_corners1_x = [12.11338460453193,7.63798460453193,7.63798460453193,12.11338460453193,]
image_corners1_y = [23.741415518061576,23.741415518061576,21.20338149159655,21.20338149159655,]
image_corners2_x = [12.48720013096088,8.01180013096088,8.01180013096088,12.48720013096088,]
image_corners2_y = [22.941624159204697,22.941624159204697,20.40359013273967,20.40359013273967,]