
Targets1_x = [10.795177446650861,11.383155329448593,10.917849091263339,11.18857272075294,11.759630376707573,11.945752871981675,11.480446633796419,11.86538179447695,12.41105911016693,11.505826974061069,12.195326217917403,12.0092037226433,12.41105911016693,12.030354006197175,12.263007125289803,]
Targets1_y = [20.839285973949497,20.83082586052795,21.194610737654603,21.105779546728325,20.919657051454223,20.805445520263298,21.29190204200243,21.24114136147313,21.088859319885227,21.757208280187683,21.32574249568863,21.799508847295435,21.54570544464893,22.053312249941936,22.40863701364704,]
Targets2_x = [12.13597953964479,11.65798313132721,12.59705572111927,12.11059919938014,11.531081430003958,12.910079917716624,12.457463849663695,13.337315645504903,12.842399010344224,11.687593528302635,11.954087101081463,11.150376326034205,12.229040787281841,12.499764416771445,11.59876233737636,]
Targets2_y = [
23.37346294482764,22.97160755730401,22.235577689629153,22.286338370158454,22.641663133863556,21.647599806831423,21.592609069591344,20.936950279421215,21.216134022332366,22.011384683958074,21.698360487360723,21.94793383329645,21.12730283140609,20.928490165999662,21.072312094166016,]
center1_x = [10.249500131,13.2400243412]
center1_y = [21.672607146,22.1594366688]
image_corners1_x = [12.48720013096088,8.01180013096088,8.01180013096088,12.48720013096088,]
image_corners1_y = [22.941624159204697,22.941624159204697,20.40359013273967,20.40359013273967,]
image_corners2_x = [15.477724341157078,11.002324341157077,11.002324341157077,15.477724341157078,]
image_corners2_y = [23.428453682067715,23.428453682067715,20.890419655602688,20.890419655602688,]