
Targets1_x = [10.167558517575408,10.535573451412837,10.992419576176543,10.590564188652912,11.394274963700171,11.631158139503574,11.203922411715295,12.00340313005178,11.66922864990055,11.254683092244596,12.041473640448753,11.571937345552724,]
Targets1_y = [21.3133629660767,21.541786028458553,21.4825652345077,22.104383570991633,21.567166368723203,21.283752569101274,22.146684138099385,21.2287618318612,21.84212005492358,22.45547827798596,21.83365994150203,22.870023835641916,]
Targets2_x = [12.13597953964479,12.59705572111927,12.910079917716624,11.65798313132721,13.337315645504903,12.11059919938014,12.842399010344224,12.457463849663695,11.531081430003958,11.954087101081463,11.687593528302635,12.499764416771445,12.229040787281841,]
Targets2_y = [
23.37346294482764,22.235577689629153,21.647599806831423,22.97160755730401,20.936950279421215,22.286338370158454,21.216134022332366,21.592609069591344,22.641663133863556,21.698360487360723,22.011384683958074,20.928490165999662,21.12730283140609,]
center1_x = [9.87568460453,13.2400243412]
center1_y = [22.4723985048,22.1594366688]
image_corners1_x = [12.11338460453193,7.63798460453193,7.63798460453193,12.11338460453193,]
image_corners1_y = [23.741415518061576,23.741415518061576,21.20338149159655,21.20338149159655,]
image_corners2_x = [15.477724341157078,11.002324341157077,11.002324341157077,15.477724341157078,]
image_corners2_y = [23.428453682067715,23.428453682067715,20.890419655602688,20.890419655602688,]