Targets2_x = [11.138225983009265,10.697855609346904,11.684588987503064,11.199784876816887,10.598736329961067,12.040807498494917,11.59787566762327,12.519676479280053,12.008306426654126,10.803647278083094,11.091966852925259,10.277779517164221,11.409212267171108,11.692609889689951,10.79069904472193,]
Targets2_y = [
23.389184883876275,22.953941010533118,22.30137485071094,22.3127712185399,22.6177474370437,21.74523154225164,21.6548122026718,21.076955925063974,21.313425539931497,22.007325291613718,21.719206678866804,21.901802369204667,21.176751253818395,21.00184352100902,21.07217252945496,]
center2_x = [12.326094712405203]
center2_y = [22.277369170680267]
image_corners2_x = [14.45454781982227,9.993629591410532,10.197641604988135,14.658559833399874,14.45454781982227]
image_corners2_y = [23.722150413429564,23.36240922948772,20.83258792793097,21.192329111872812,23.722150413429564]