Targets2_x = [11.832540781550856,12.014000878907618,11.963396267847287,12.048365171502784,12.330892681282704,12.40036691052696,12.494247284412218,12.663749006357964,12.66928233593321,13.084075942503645,13.14365315587747,13.179965433103037,13.396294499894868,]
Targets2_y = [
21.65037468644905,22.41635899339691,21.097182081665526,22.766333135804192,21.85339909630134,23.278184810626804,20.929399463275267,22.229009093086145,21.623766438197244,21.14894105298498,22.30908013319196,21.65558423994196,21.02994691583759,]
center2_x = [13.780356073505057]
center2_y = [22.406236293333386]
image_corners2_x = [15.599779074099361,11.285680251448895,11.960933072910754,16.27503189556122,15.599779074099361]
image_corners2_y = [24.2248636369038,23.03416782839272,20.58760894976297,21.77830475827405,24.2248636369038]