Targets2_x = [8.999197070149103,9.833282527424151,9.93478004562096,10.502717667381722,10.339844567067377,10.761452565386406,11.151815508182372,10.589228874029088,11.072920487161152,10.923064970770689,11.707127771723576,11.656834653031195,11.979275012391113,11.449524206210903,11.307366360229029,11.25718326737663,11.47911634109958,11.787106247581201,12.026826689543405,11.974124739865532,11.773158046247206,]
Targets2_y = [
20.35334891782427,20.456702604772005,20.193606951719683,20.902896098420953,20.564008017499635,20.783405430833692,21.394045993683577,20.253925087023706,20.934660209051742,20.48777295323606,21.627735956400343,21.37800476835527,21.953936530917733,20.839819718013427,20.532602525446332,20.210446898985406,20.397654368857516,20.88581422984255,21.079475478756606,20.62556751113565,20.1420195309704,]
center2_x = [9.893808976914018]
center2_y = [21.454919324256807]
image_corners2_x = [12.2629354178815,7.817399936235198,7.524682535946534,11.970218017592838,12.2629354178815]
image_corners2_y = [22.457388962990226,22.973547312165902,20.452449685523387,19.93629133634771,22.457388962990226]