Targets2_x = [10.826568551485343,11.7305828178453,12.265039474040774,10.56881770415587,12.955035620808989,11.27076284437168,12.389463629460941,11.881122521507987,10.596303325539527,11.382442385599141,11.008007316041837,12.204527266833393,11.875350600538201,]
Targets2_y = [
23.027756984962362,22.201275149989783,21.80633204636206,22.460565371348395,21.350000866545056,22.037990832134394,21.388757294058113,21.56236608900486,22.108959632131,21.441326992319155,21.608688254731938,20.98255708280574,21.04526336467507,]
center2_x = [12.34223231988596]
center2_y = [22.408946896215713]
image_corners2_x = [13.81535171261763,9.776168054675479,10.86911292715429,14.908296585096442,13.81535171261763]
image_corners2_y = [24.517886137785144,22.5906600126475,20.300007654646283,22.227233779783923,24.517886137785144]