Targets2_x = [10.026366694687251,10.934729191102328,10.833678616507413,11.568382546562985,11.323526246851022,12.21618343192473,11.889540000924248,11.477921369904132,11.729896444873198,12.716945513131744,12.429364069768688,]
Targets2_y = [
21.789897271337377,21.644621274066115,21.89856920401593,21.709752919448157,22.007731227412556,21.67442659367495,21.939794068641767,22.337830277656472,22.224662530556255,21.61337066651999,21.85812445351036,]
center2_x = [10.882159798637096]
center2_y = [22.866622379480397]
image_corners2_x = [13.240608203009014,8.789888300033137,8.523711394265177,12.974431297241054,13.240608203009014]
image_corners2_y = [23.893961950308427,24.363320560812596,21.839282808652367,21.369924198148198,23.893961950308427]