Targets2_x = [11.732161401649611,12.443537216038429,12.889769803382237,11.416604477440556,12.006603290747197,12.943477278422474,12.502627803471151,11.400286244049433,12.031188367545319,11.708253219586304,10.625222560591927,11.236016968541717,11.384143053993164,]
Targets2_y = [
23.242916381954057,22.271786600033895,21.78998242044307,22.725970207081836,22.18312073878883,21.36103135920228,21.614872247095526,22.37649528105524,21.593540538085573,21.820959149674653,22.157454867515398,21.61741445718204,21.11651724920728,]
center2_x = [12.399598410104417]
center2_y = [22.503011825261368]
image_corners2_x = [14.44728320678253,10.012162927908415,10.351913613426305,14.78703389230042,14.44728320678253]
image_corners2_y = [24.06015422187347,23.461060513076927,20.945869428649264,21.54496313744581,24.06015422187347]