Targets_x = [13.080984394237733,11.706201992608856,12.501317816283013,9.848954724624653,13.144057204496148,12.84792359758717,9.116931605763838,10.297096717728408,12.382383920017812,11.096124282310457,10.774635220874298,11.27789722781362,9.467434207059691,8.782155546319288,12.090037713048405,10.063742476392594,];
Targets_y = [
21.059531430678003,21.07060515945019,21.185751655775828,21.284154475173604,21.381090123056428,21.406122291065962,21.473646456079162,21.491954316432913,21.604387718785315,21.877829228753008,21.881681285996105,21.979564386101927,21.977435668724187,21.98509004682305,22.005899647459522,22.08811835024256,];
center_x = [10.9362774934];
center_y = [21.1162305489];
image_corners_x = [13.172483854985341,8.697086948542218,8.700071131782042,13.175468038225166,13.172483854985341];
image_corners_y = [22.387877739787918,22.382615630008363,19.84458335792342,19.849845467702973,22.387877739787918];
