Targets_x = [9.684955423864757,10.03739797078375,6.807775131321009,8.192801175246332,9.01759289853735,6.153228742398992,7.441747821032568,10.413480292546502,6.2626788198422325,9.286584727252462,8.4654008834409,9.782769157100404,8.711023839235326,7.633715855569226,7.066934555568254,6.076534323003654,];
Targets_y = [
20.925917246172684,21.13413768879777,20.711620015519866,20.918413634859817,21.103107437577524,20.75823770602,21.05052609398604,21.520361028596923,21.160771926767627,21.590505359004442,21.508670022312995,21.710878369012708,21.587730946508792,21.70275753056277,21.632874072052314,21.964043348928005,];
center_x = [8.35434234489];
center_y = [21.0206033213];
image_corners_x = [10.408517903451672,5.970932235722346,6.300166786328505,10.737752454057832,10.408517903451672];
image_corners_y = [22.56917306285595,21.988622805287086,19.472033579731704,20.052583837300567,22.56917306285595];
