Targets_x = [13.027515954581942,13.513807618944817,16.086142360457178,12.411148042412483,14.597117598620546,15.13123779679469,15.922458639107727,15.49326180314055,14.24188264947115,];
Targets_y = [
21.160449720277164,21.147098387254033,21.113343066223642,21.32242049236885,21.256074981620355,21.51189474414683,21.73725372162666,21.807800021113998,21.96733567328214,];
center_x = [14.5266452229];
center_y = [22.3506911246];
image_corners_x = [16.808741021678806,12.336263999699938,12.244549424075135,16.717026446054007,16.808741021678806];
image_corners_y = [23.538017631888106,23.699741000239843,21.163364617265064,21.001641248913327,23.538017631888106];
