Targets_x = [12.65167945080937,14.089946023378632,15.566237332209688,11.857231680379769,15.199652404526178,13.207278937275278,12.835514182199006,12.36621074790704,13.830060833263518,11.754082502055772,14.313343312868401,15.01647252271865,14.64470776764238,11.396997858130481,13.478269091866162,];
Targets_y = [
20.88168097384104,20.8866818534213,20.883019205243617,21.03398246792964,21.15147647680665,21.153668162025212,21.24448820580792,21.28929843638192,21.332233592115838,21.52099741319708,21.528465303127867,21.702371051447518,21.793191095230224,21.98398928254268,21.994012670528353,];
center_x = [13.3878118747];
center_y = [20.8988959404];
image_corners_x = [15.632264402949492,11.156928362706928,11.143359346486296,15.61869538672886,15.632264402949492];
image_corners_y = [22.15593146831789,22.179858166920273,19.641860412529404,19.61793371392702,22.15593146831789];
