Targets_x = [15.862620871867703,];
Targets_y = [
21.828951032298864,];
center_x = [17.9170651134];
center_y = [22.5158654264];
image_corners_x = [20.182054506037385,15.707730639932391,15.652075720818932,20.126399586923924,20.182054506037385];
image_corners_y = [23.73550821066987,23.833646384706604,21.296222642113985,21.198084468077248,23.73550821066987];
