Targets_x = [12.56932591937082,10.09824694596686,13.017071982455635,13.36416847624754,12.457347752649685,9.226086724702832,10.653268973284586,11.005192614731957,9.871770833768188,11.217433011508488,12.130072133884395,];
Targets_y = [
21.253088814745496,21.395758301154775,21.465774860552933,21.466162199790446,21.676099390458138,21.866894578938588,21.888231493228332,21.90537848943461,22.05139658007849,22.0417631140838,22.115211564251307,];
center_x = [11.1970790228];
center_y = [22.5419455797];
image_corners_x = [13.478354043441861,9.005766366306789,8.915804002079883,13.388391679214957,13.478354043441861];
image_corners_y = [23.730848330092623,23.8894819656794,21.35304282930791,21.19440919372113,23.730848330092623];
