Targets_x = [14.3801683596608,16.279450668658566,15.818265531540757,14.75636195782111,15.665749254614488,15.179252101033331,];
Targets_y = [
20.769291684569122,20.803862529661227,21.087098996665134,21.501236218833107,21.696168556326096,21.801732894339462,];
center_x = [16.4739633143];
center_y = [20.9858297835];
image_corners_x = [18.71117513511884,14.235775466045002,14.236751493539233,18.712151162613072,18.71117513511884];
image_corners_y = [22.255707233853908,22.253986172039077,19.715952333244843,19.71767339505967,22.255707233853908];
