Targets_x = [15.884025349004052,];
Targets_y = [
21.759693729561192,];
center_x = [17.9170651134];
center_y = [22.5158654264];
image_corners_x = [20.14477911180038,15.669515787829301,15.689351115055938,20.164614439027016,20.14477911180038];
image_corners_y = [23.80233183144494,23.767355537768633,21.229399021338914,21.26437531501522,23.80233183144494];
