
Targets1_x = [9.898719041631994,9.190085017609906,11.873881910993969,9.698649302915015,10.328313893641914,12.217524959194169,10.60761380752457,12.496800729368875,11.770039568716381,10.773235212160033,11.501275989333884,]
Targets1_y = [21.851385565975725,22.206530696994093,21.797810576280774,22.372832964369113,22.2634858566789,21.973514423882303,22.283042310995324,21.9888408903905,22.13258320582937,22.396310377207367,22.47675741560447,]
Targets2_x = [12.090032739409672,11.27789722781362,10.05951739624452,11.09189422852365,12.38237894637908,10.774635220874298,13.148297205560421,12.843693543800363,9.467434207059691,8.782155546319288,12.501317816283013,13.076764287728391,10.292866663941597,11.706201992608856,9.121166633189379,]
Targets2_y = [
22.010129701246328,21.979564386101927,22.083883322817016,21.877824255114277,21.608617772572124,21.881681285996105,21.372634989121543,21.40611731742723,21.977435668724187,21.98509004682305,21.185751655775828,21.051066349465653,21.49194934279418,21.07060515945019,21.469421375931088,]
center1_x = [11.1970790228,10.9362774934]
center1_y = [22.5419455797,21.1162305489]
image_corners1_x = [13.441985685697384,8.966658584594422,8.952172359824361,13.427499460927324,]
image_corners1_y = [23.79816990066242,23.823713943673624,21.28572125873811,21.260177215726905,]
image_corners2_x = [13.172483854985341,8.697086948542218,8.700071131782042,13.175468038225166,]
image_corners2_y = [22.387877739787918,22.382615630008363,19.84458335792342,19.849845467702973,]