
Targets1_x = [15.665749254614488,16.279450668658566,15.179252101033331,15.818265531540757,]
Targets1_y = [21.696168556326096,20.803862529661227,21.801732894339462,21.087098996665134,]
Targets2_x = [15.884025349004052,]
Targets2_y = [
21.759693729561192,]
center1_x = [16.4739633143,17.9170651134]
center1_y = [20.9858297835,22.5158654264]
image_corners1_x = [18.71117513511884,14.235775466045002,14.236751493539233,18.712151162613072,]
image_corners1_y = [22.255707233853908,22.253986172039077,19.715952333244843,19.71767339505967,]
image_corners2_x = [20.14477911180038,15.669515787829301,15.689351115055938,20.164614439027016,]
image_corners2_y = [23.80233183144494,23.767355537768633,21.229399021338914,21.26437531501522,]