
Targets1_x = [13.144057204496148,13.080984394237733,12.84792359758717,12.382383920017812,12.501317816283013,12.090037713048405,11.706201992608856,]
Targets1_y = [21.381090123056428,21.059531430678003,21.406122291065962,21.604387718785315,21.185751655775828,22.005899647459522,21.07060515945019,]
Targets2_x = [12.442665699623724,13.063578133229843,13.550051762888106,]
Targets2_y = [
21.259958269898014,21.116390571729372,21.11750796576294,]
center1_x = [10.9362774934,14.5266452229]
center1_y = [21.1162305489,22.3506911246]
image_corners1_x = [13.172483854985341,8.697086948542218,8.700071131782042,13.175468038225166,]
image_corners1_y = [22.387877739787918,22.382615630008363,19.84458335792342,19.849845467702973,]
image_corners2_x = [16.772419179964782,12.297110793195678,12.280871265789159,16.75617965255826,]
image_corners2_y = [23.605364310525708,23.634000010519205,21.096017938627465,21.067382238633968,]