
Targets1_x = [13.144057204496148,13.080984394237733,12.84792359758717,12.382383920017812,12.501317816283013,12.090037713048405,11.706201992608856,]
Targets1_y = [21.381090123056428,21.059531430678003,21.406122291065962,21.604387718785315,21.185751655775828,22.005899647459522,21.07060515945019,]
Targets2_x = [12.411148042412483,13.027515954581942,13.513807618944817,]
Targets2_y = [
21.32242049236885,21.160449720277164,21.147098387254033,]
center1_x = [10.9362774934,14.5266452229]
center1_y = [21.1162305489,22.3506911246]
image_corners1_x = [13.172483854985341,8.697086948542218,8.700071131782042,13.175468038225166,]
image_corners1_y = [22.387877739787918,22.382615630008363,19.84458335792342,19.849845467702973,]
image_corners2_x = [16.808741021678806,12.336263999699938,12.244549424075135,16.717026446054007,]
image_corners2_y = [23.538017631888106,23.699741000239843,21.163364617265064,21.001641248913327,]