
Targets1_x = [15.665749254614488,16.279450668658566,15.179252101033331,15.818265531540757,]
Targets1_y = [21.696168556326096,20.803862529661227,21.801732894339462,21.087098996665134,]
Targets2_x = [15.862620871867703,]
Targets2_y = [
21.828951032298864,]
center1_x = [16.4739633143,17.9170651134]
center1_y = [20.9858297835,22.5158654264]
image_corners1_x = [18.71117513511884,14.235775466045002,14.236751493539233,18.712151162613072,]
image_corners1_y = [22.255707233853908,22.253986172039077,19.715952333244843,19.71767339505967,]
image_corners2_x = [20.182054506037385,15.707730639932391,15.652075720818932,20.126399586923924,]
image_corners2_y = [23.73550821066987,23.833646384706604,21.296222642113985,21.198084468077248,]