
Targets1_x = []
Targets1_y = []
Targets2_x = [13.36416847624754,]
Targets2_y = [
21.466162199790446,]
center1_x = [16.4739633143,11.1970790228]
center1_y = [20.9858297835,22.5419455797]
image_corners1_x = [18.71117513511884,14.235775466045002,14.236751493539233,18.712151162613072,]
image_corners1_y = [22.255707233853908,22.253986172039077,19.715952333244843,19.71767339505967,]
image_corners2_x = [13.478354043441861,9.005766366306789,8.915804002079883,13.388391679214957,]
image_corners2_y = [23.730848330092623,23.8894819656794,21.35304282930791,21.19440919372113,]