
Targets1_x = [15.01647252271865,14.64470776764238,15.566237332209688,15.199652404526178,14.313343312868401,13.478269091866162,13.830060833263518,14.089946023378632,13.207278937275278,12.835514182199006,12.36621074790704,12.65167945080937,11.754082502055772,11.857231680379769,]
Targets1_y = [21.702371051447518,21.793191095230224,20.883019205243617,21.15147647680665,21.528465303127867,21.994012670528353,21.332233592115838,20.8866818534213,21.153668162025212,21.24448820580792,21.28929843638192,20.88168097384104,21.52099741319708,21.03398246792964,]
Targets2_x = [12.411148042412483,13.027515954581942,13.513807618944817,14.597117598620546,14.24188264947115,15.13123779679469,16.086142360457178,15.49326180314055,15.922458639107727,]
Targets2_y = [
21.32242049236885,21.160449720277164,21.147098387254033,21.256074981620355,21.96733567328214,21.51189474414683,21.113343066223642,21.807800021113998,21.73725372162666,]
center1_x = [13.3878118747,14.5266452229]
center1_y = [20.8988959404,22.3506911246]
image_corners1_x = [15.632264402949492,11.156928362706928,11.143359346486296,15.61869538672886,]
image_corners1_y = [22.15593146831789,22.179858166920273,19.641860412529404,19.61793371392702,]
image_corners2_x = [16.808741021678806,12.336263999699938,12.244549424075135,16.717026446054007,]
image_corners2_y = [23.538017631888106,23.699741000239843,21.163364617265064,21.001641248913327,]