
Targets1_x = [11.396997858130481,11.754082502055772,11.857231680379769,12.36621074790704,12.835514182199006,13.478269091866162,12.65167945080937,13.207278937275278,13.830060833263518,14.089946023378632,]
Targets1_y = [21.98398928254268,21.52099741319708,21.03398246792964,21.28929843638192,21.24448820580792,21.994012670528353,20.88168097384104,21.153668162025212,21.332233592115838,20.8866818534213,]
Targets2_x = [13.36416847624754,13.017071982455635,12.56932591937082,12.457347752649685,12.130072133884395,11.217433011508488,11.005192614731957,10.653268973284586,]
Targets2_y = [
21.466162199790446,21.465774860552933,21.253088814745496,21.676099390458138,22.115211564251307,22.0417631140838,21.90537848943461,21.888231493228332,]
center1_x = [13.3878118747,11.1970790228]
center1_y = [20.8988959404,22.5419455797]
image_corners1_x = [15.632264402949492,11.156928362706928,11.143359346486296,15.61869538672886,]
image_corners1_y = [22.15593146831789,22.179858166920273,19.641860412529404,19.61793371392702,]
image_corners2_x = [13.478354043441861,9.005766366306789,8.915804002079883,13.388391679214957,]
image_corners2_y = [23.730848330092623,23.8894819656794,21.35304282930791,21.19440919372113,]