
Targets1_x = [12.090037713048405,11.27789722781362,10.063742476392594,11.096124282310457,12.382383920017812,10.774635220874298,13.144057204496148,12.84792359758717,9.467434207059691,12.501317816283013,13.080984394237733,10.297096717728408,11.706201992608856,9.116931605763838,9.848954724624653,]
Targets1_y = [22.005899647459522,21.979564386101927,22.08811835024256,21.877829228753008,21.604387718785315,21.881681285996105,21.381090123056428,21.406122291065962,21.977435668724187,21.185751655775828,21.059531430678003,21.491954316432913,21.07060515945019,21.473646456079162,21.284154475173604,]
Targets2_x = [10.09824694596686,12.56932591937082,9.226086724702832,10.653268973284586,13.017071982455635,9.871770833768188,13.36416847624754,11.005192614731957,12.457347752649685,11.217433011508488,]
Targets2_y = [
21.395758301154775,21.253088814745496,21.866894578938588,21.888231493228332,21.465774860552933,22.05139658007849,21.466162199790446,21.90537848943461,21.676099390458138,22.0417631140838,]
center1_x = [10.9362774934,11.1970790228]
center1_y = [21.1162305489,22.5419455797]
image_corners1_x = [13.172483854985341,8.697086948542218,8.700071131782042,13.175468038225166,]
image_corners1_y = [22.387877739787918,22.382615630008363,19.84458335792342,19.849845467702973,]
image_corners2_x = [13.478354043441861,9.005766366306789,8.915804002079883,13.388391679214957,]
image_corners2_y = [23.730848330092623,23.8894819656794,21.35304282930791,21.19440919372113,]