
Targets1_x = [13.36416847624754,13.017071982455635,12.56932591937082,12.457347752649685,12.130072133884395,]
Targets1_y = [21.466162199790446,21.465774860552933,21.253088814745496,21.676099390458138,22.115211564251307,]
Targets2_x = [12.411148042412483,13.027515954581942,]
Targets2_y = [
21.32242049236885,21.160449720277164,]
center1_x = [11.1970790228,14.5266452229]
center1_y = [22.5419455797,22.3506911246]
image_corners1_x = [13.478354043441861,9.005766366306789,8.915804002079883,13.388391679214957,]
image_corners1_y = [23.730848330092623,23.8894819656794,21.35304282930791,21.19440919372113,]
image_corners2_x = [16.808741021678806,12.336263999699938,12.244549424075135,16.717026446054007,]
image_corners2_y = [23.538017631888106,23.699741000239843,21.163364617265064,21.001641248913327,]