
Targets1_x = [15.566237332209688,15.199652404526178,15.01647252271865,14.64470776764238,14.313343312868401,14.089946023378632,13.830060833263518,13.478269091866162,]
Targets1_y = [20.883019205243617,21.15147647680665,21.702371051447518,21.793191095230224,21.528465303127867,20.8866818534213,21.332233592115838,21.994012670528353,]
Targets2_x = [14.3801683596608,14.75636195782111,15.179252101033331,15.665749254614488,15.818265531540757,16.279450668658566,]
Targets2_y = [
20.769291684569122,21.501236218833107,21.801732894339462,21.696168556326096,21.087098996665134,20.803862529661227,]
center1_x = [13.3878118747,16.4739633143]
center1_y = [20.8988959404,20.9858297835]
image_corners1_x = [15.632264402949492,11.156928362706928,11.143359346486296,15.61869538672886,]
image_corners1_y = [22.15593146831789,22.179858166920273,19.641860412529404,19.61793371392702,]
image_corners2_x = [18.71117513511884,14.235775466045002,14.236751493539233,18.712151162613072,]
image_corners2_y = [22.255707233853908,22.253986172039077,19.715952333244843,19.71767339505967,]