
Targets1_x = [15.922458639107727,15.49326180314055,15.13123779679469,]
Targets1_y = [21.73725372162666,21.807800021113998,21.51189474414683,]
Targets2_x = [15.862620871867703,]
Targets2_y = [
21.828951032298864,]
center1_x = [14.5266452229,17.9170651134]
center1_y = [22.3506911246,22.5158654264]
image_corners1_x = [16.808741021678806,12.336263999699938,12.244549424075135,16.717026446054007,]
image_corners1_y = [23.538017631888106,23.699741000239843,21.163364617265064,21.001641248913327,]
image_corners2_x = [20.182054506037385,15.707730639932391,15.652075720818932,20.126399586923924,]
image_corners2_y = [23.73550821066987,23.833646384706604,21.296222642113985,21.198084468077248,]