
Targets1_x = [13.144057204496148,13.080984394237733,12.84792359758717,12.501317816283013,12.382383920017812,12.090037713048405,11.706201992608856,11.27789722781362,11.096124282310457,10.774635220874298,10.297096717728408,]
Targets1_y = [21.381090123056428,21.059531430678003,21.406122291065962,21.185751655775828,21.604387718785315,22.005899647459522,21.07060515945019,21.979564386101927,21.877829228753008,21.881681285996105,21.491954316432913,]
Targets2_x = [11.396997858130481,11.754082502055772,11.857231680379769,12.36621074790704,12.65167945080937,12.835514182199006,13.207278937275278,13.478269091866162,13.830060833263518,14.089946023378632,]
Targets2_y = [
21.98398928254268,21.52099741319708,21.03398246792964,21.28929843638192,20.88168097384104,21.24448820580792,21.153668162025212,21.994012670528353,21.332233592115838,20.8866818534213,]
center1_x = [10.9362774934,13.3878118747]
center1_y = [21.1162305489,20.8988959404]
image_corners1_x = [13.172483854985341,8.697086948542218,8.700071131782042,13.175468038225166,]
image_corners1_y = [22.387877739787918,22.382615630008363,19.84458335792342,19.849845467702973,]
image_corners2_x = [15.632264402949492,11.156928362706928,11.143359346486296,15.61869538672886,]
image_corners2_y = [22.15593146831789,22.179858166920273,19.641860412529404,19.61793371392702,]