
Targets1_x = [10.413480292546502,9.782769157100404,10.03739797078375,9.684955423864757,9.286584727252462,9.01759289853735,8.711023839235326,8.4654008834409,8.192801175246332,]
Targets1_y = [21.520361028596923,21.710878369012708,21.13413768879777,20.925917246172684,21.590505359004442,21.103107437577524,21.587730946508792,21.508670022312995,20.918413634859817,]
Targets2_x = [9.247035338377758,10.13282183247838,9.886946539109418,10.672951672785027,11.024209666823422,11.232299955496794,]
Targets2_y = [
21.80857383110956,21.363584920384547,22.012197533812163,21.872347194270215,21.899953181167938,22.042589724958063,]
center1_x = [8.35434234489,11.1970790228]
center1_y = [21.0206033213,22.5419455797]
image_corners1_x = [10.408517903451672,5.970932235722346,6.300166786328505,10.737752454057832,]
image_corners1_y = [22.56917306285595,21.988622805287086,19.472033579731704,20.052583837300567,]
image_corners2_x = [13.441985685697384,8.966658584594422,8.952172359824361,13.427499460927324,]
image_corners2_y = [23.79816990066242,23.823713943673624,21.28572125873811,21.260177215726905,]