
Targets1_x = [14.75636195782111,14.3801683596608,15.179252101033331,15.665749254614488,15.818265531540757,16.279450668658566,]
Targets1_y = [21.501236218833107,20.769291684569122,21.801732894339462,21.696168556326096,21.087098996665134,20.803862529661227,]
Targets2_x = [16.086142360457178,15.922458639107727,15.49326180314055,15.13123779679469,14.597117598620546,14.24188264947115,13.513807618944817,]
Targets2_y = [
21.113343066223642,21.73725372162666,21.807800021113998,21.51189474414683,21.256074981620355,21.96733567328214,21.147098387254033,]
center1_x = [16.4739633143,14.5266452229]
center1_y = [20.9858297835,22.3506911246]
image_corners1_x = [18.71117513511884,14.235775466045002,14.236751493539233,18.712151162613072,]
image_corners1_y = [22.255707233853908,22.253986172039077,19.715952333244843,19.71767339505967,]
image_corners2_x = [16.808741021678806,12.336263999699938,12.244549424075135,16.717026446054007,]
image_corners2_y = [23.538017631888106,23.699741000239843,21.163364617265064,21.001641248913327,]