
Targets1_x = [10.413480292546502,10.03739797078375,9.782769157100404,9.684955423864757,9.286584727252462,9.01759289853735,8.711023839235326,8.4654008834409,8.192801175246332,]
Targets1_y = [21.520361028596923,21.13413768879777,21.710878369012708,20.925917246172684,21.590505359004442,21.103107437577524,21.587730946508792,21.508670022312995,20.918413634859817,]
Targets2_x = [8.782155546319288,9.116931605763838,9.467434207059691,9.848954724624653,10.063742476392594,10.297096717728408,10.774635220874298,11.096124282310457,11.27789722781362,]
Targets2_y = [
21.98509004682305,21.473646456079162,21.977435668724187,21.284154475173604,22.08811835024256,21.491954316432913,21.881681285996105,21.877829228753008,21.979564386101927,]
center1_x = [8.35434234489,10.9362774934]
center1_y = [21.0206033213,21.1162305489]
image_corners1_x = [10.408517903451672,5.970932235722346,6.300166786328505,10.737752454057832,]
image_corners1_y = [22.56917306285595,21.988622805287086,19.472033579731704,20.052583837300567,]
image_corners2_x = [13.172483854985341,8.697086948542218,8.700071131782042,13.175468038225166,]
image_corners2_y = [22.387877739787918,22.382615630008363,19.84458335792342,19.849845467702973,]