
Targets1_x = [10.413480292546502,9.782769157100404,10.03739797078375,9.684955423864757,9.286584727252462,9.01759289853735,8.711023839235326,8.4654008834409,8.192801175246332,]
Targets1_y = [21.520361028596923,21.710878369012708,21.13413768879777,20.925917246172684,21.590505359004442,21.103107437577524,21.587730946508792,21.508670022312995,20.918413634859817,]
Targets2_x = [9.226086724702832,10.09824694596686,9.871770833768188,10.653268973284586,11.005192614731957,11.217433011508488,]
Targets2_y = [
21.866894578938588,21.395758301154775,22.05139658007849,21.888231493228332,21.90537848943461,22.0417631140838,]
center1_x = [8.35434234489,11.1970790228]
center1_y = [21.0206033213,22.5419455797]
image_corners1_x = [10.408517903451672,5.970932235722346,6.300166786328505,10.737752454057832,]
image_corners1_y = [22.56917306285595,21.988622805287086,19.472033579731704,20.052583837300567,]
image_corners2_x = [13.478354043441861,9.005766366306789,8.915804002079883,13.388391679214957,]
image_corners2_y = [23.730848330092623,23.8894819656794,21.35304282930791,21.19440919372113,]