Targets2_x = [9.211875400074451,10.03739797078375,9.782769157100404,10.502923829709758,10.820381384195837,11.002319632453936,]
Targets2_y = [
21.495018809978816,21.134137688797775,21.71087836901271,21.622094917341286,21.664195444024582,21.803748635858334,]
center2_x = [9.910083563942077]
center2_y = [21.42250802890524]
image_corners2_x = [13.224616493648536,8.754309122523793,8.875353310288745,13.345660681413486,13.224616493648536]
image_corners2_y = [23.7130250543016,23.4995838032094,20.96443784604982,21.177879097142014,23.7130250543016]