Targets2_x = [8.617844579016289,8.93099074561128,9.24369488266076,9.602175355648786,9.786579560786976,10.008351104579178,10.438716755064501,10.732329626901189,10.896826049423488,]
Targets2_y = [
21.582063439410383,21.1199373322151,21.585065528551585,20.957582190100904,21.69482584842762,21.15386143593675,21.516689802043032,21.517859766331675,21.613406000687128,]
center2_x = [10.635668495195477]
center2_y = [20.750771593434276]
image_corners2_x = [12.86246170682372,8.387719221846503,8.431223643276542,12.905966128253757,12.86246170682372]
image_corners2_y = [22.06695359608811,21.990240799633142,19.45257965503359,19.529292451488555,22.06695359608811]