Targets2_x = [11.77754233400794,12.365834407872397,12.822071100463655,13.82884645131815,13.447113730257524,14.31127341956149,15.232877659441728,14.629798161124874,15.036527443134466,]
Targets2_y = [
21.173440377854032,21.06435956146763,21.085446697827756,21.26230520792926,21.90372211859192,21.538720538006164,21.231511793864787,21.84078128701042,21.80437330112379,]
center2_x = [13.679873641728596]
center2_y = [22.35882440063366]
image_corners2_x = [15.833924018797859,11.361668977186204,11.456801201379607,15.929056242991258,15.833924018797859]
image_corners2_y = [23.68151000152126,23.513760179526894,20.977509683338813,21.145259505333176,23.68151000152126]