Targets2_x = [12.08592695779454,12.397797214566975,12.490015276987716,12.92902928761506,13.178577642565035,13.335510887520895,13.657844036515622,13.887336884355216,14.195824204523152,14.42345711913671,]
Targets2_y = [
22.004716817673874,21.60612112069894,21.18520108364785,21.409261426994995,21.05816399929026,21.37330459708669,21.296935379609163,22.025939763171635,21.455249401947054,21.071163255115593,]
center2_x = [14.042954344312296]
center2_y = [20.9845858932074]
image_corners2_x = [16.282832835769508,11.807438697519764,11.811546504443466,16.28694064269321,16.282832835769508]
image_corners2_y = [22.269205886555696,22.261962453680237,19.723931751459208,19.731175184334667,22.269205886555696]