Targets2_x = [10.011792967273639,9.090225827555386,12.529187926052424,9.730587317887602,10.536007752775065,12.966584897143528,10.891583995980724,13.31858218042267,12.382383920017814,11.096124282310457,]
Targets2_y = [
21.134714734936253,21.544020872761234,21.184165269550757,21.78187400623349,21.67779131633761,21.43505132766725,21.72283174410877,21.46271473518409,21.604387718785315,21.877829228753004,]
center2_x = [11.739254101164136]
center2_y = [21.74110847376916]
image_corners2_x = [13.230737166476112,8.759257545433224,8.86546754434861,13.336947165391496,13.230737166476112]
image_corners2_y = [23.734174842468676,23.54689121104788,21.011080461874222,21.19836409329502,23.734174842468676]