Targets2_x = [13.885215908126398,14.202881477282128,14.575074197161488,15.016290813925503,15.171258555185682,15.594812890343334,]
Targets2_y = [
20.817029213750285,21.48713072508878,21.769996635254813,21.68898045407346,21.144827568812225,20.90305871061209,]
center2_x = [15.813595582542606]
center2_y = [21.035742000497812]
image_corners2_x = [18.01537409968445,13.542332173098396,13.62471144621746,18.097753372803517,18.01537409968445]
image_corners2_y = [22.39455993161828,22.249297813351657,19.712601068595863,19.85786318686248,22.39455993161828]