Targets2_x = [11.74919378846796,12.33221867191321,12.790678377533412,13.810137991338921,13.46588264665152,14.310083116755676,15.215299045853538,14.647310261227306,15.052726194900433,]
Targets2_y = [
21.325001337626865,21.18057653684578,21.174476829900794,21.29161774130888,21.95717496215296,21.539822715906425,21.176956772403493,21.823510156683547,21.76274874611725,]
center2_x = [13.703979223722877]
center2_y = [22.37781811351334]
image_corners2_x = [15.957520062847781,11.483203009961565,11.427372208871478,15.9016892617577,15.957520062847781]
image_corners2_y = [23.588361463246166,23.68680977583502,21.149389897071572,21.050941584482718,23.588361463246166]