Targets2_x = [13.509267145382385,12.87197331332079,]
Targets2_y = [
21.466324121356557,21.465612938986823,]
center2_x = [14.997933453731346]
center2_y = [22.57522454842527]
image_corners2_x = [9.82281772290863,14.188441579810327,13.629751644140667,9.264127787238968,9.82281772290863]
image_corners2_y = [18.20169774893945,19.186854335503615,21.662633460400603,20.677476873836437,18.20169774893945]