Targets2_x = [9.873697233234093,12.51592958105595,8.92695130296793,10.449488673664739,12.986650549280235,9.609884589787569,13.357099586830943,10.824525117211447,12.382160624722294,11.046457681268834,]
Targets2_y = [
21.227837599596004,21.158823384889114,21.701303329798506,21.772163407363983,21.40091302769215,21.91998088766378,21.413021350641994,21.802322245620715,21.606536944621134,21.9550390432926,]
center2_x = [11.054802370865021]
center2_y = [22.45549799288623]
image_corners2_x = [13.2765466568008,8.80118060772768,8.791294587306085,13.266660636379207,13.2765466568008]
image_corners2_y = [23.704005969542305,23.721438318885717,21.183423546254463,21.165991196911047,23.704005969542305]