Targets2_x = [11.489511761307423,10.720181100883755,9.555757823779832,10.55045440490847,11.794632878862595,10.248837731232431,12.538274268917798,12.24665442847788,9.000631481644232,8.34918646272469,11.936499417125898,12.492297605697699,9.817849678245615,11.18911384147923,8.706432224793632,]
Targets2_y = [
22.35269180296757,22.268172863043244,22.2840206482105,22.15882555921506,21.991283189903218,22.14081372005793,21.819459863925047,21.83045267898712,22.142457972663376,22.102909577796414,21.59774359879734,21.509125928881442,21.737706097456666,21.434046778444806,21.636255693878578,]
center2_x = [10.445713086902794]
center2_y = [21.38873682293161]
image_corners2_x = [12.584926891819892,8.121439563336137,8.306499281985696,12.76998661046945,12.584926891819892]
image_corners2_y = [22.8175369372673,22.491214966715248,19.95993670859592,20.28625867914797,22.8175369372673]