Targets2_x = [9.211875400074454,10.037397970783749,9.782769157100404,10.502923829709754,10.820381384195834,11.002319632453933,]
Targets2_y = [
21.495018809978816,21.134137688797775,21.71087836901271,21.622094917341286,21.664195444024575,21.803748635858327,]
center2_x = [9.910083563942077]
center2_y = [21.42250802890524]
image_corners2_x = [13.224616493648538,8.754309122523798,8.875353310288743,13.345660681413484,13.224616493648538]
image_corners2_y = [23.713025054301593,23.499583803209408,20.964437846049826,21.177879097142007,23.713025054301593]