Targets2_x = [12.52314477089003,13.144057204496148,13.630530834154412,]
Targets2_y = [
21.52465782122507,21.381090123056428,21.382207517089995,]
center2_x = [14.607124294143276]
center2_y = [22.61539067590364]
image_corners2_x = [16.85289825123109,12.377589864461983,12.361350337055464,16.836658723824563,16.85289825123109]
image_corners2_y = [23.870063861852763,23.89869956184626,21.36071748995452,21.332081789961023,23.870063861852763]