Targets2_x = [12.738422599537719,12.359413965104919,11.870920916844138,11.747812085994576,11.389579037727305,10.393174633197194,10.161689585623936,9.77744307096274,]
Targets2_y = [
21.279821661444085,21.278713464339802,21.045588591005238,21.507270729886546,21.986109842777626,21.904106610769684,21.75476343898791,21.735345130979358,]
center2_x = [10.480934434314578]
center2_y = [22.373468711105087]
image_corners2_x = [12.758502414722727,8.285635240174097,8.20025887034866,12.673126044897293,12.758502414722727]
image_corners2_y = [23.564343829038265,23.714890827830448,21.178293186309492,21.0277461875173,23.564343829038265]