Targets2_x = [15.819334611483363,15.645326866075521,15.198605409629684,14.823966869286615,14.270133295593942,13.89641238379308,13.144340869667127,]
Targets2_y = [
21.07291246254425,21.720674602425824,21.791413382360595,21.48151486657217,21.212248960542052,21.949672084603634,21.09232578770592,]
center2_x = [14.247113251038009]
center2_y = [22.326225670698708]
image_corners2_x = [16.5175500700026,12.04420153817822,11.967362994187049,16.440711526011434,16.5175500700026]
image_corners2_y = [23.51923462907042,23.654726594974854,21.11785597201207,20.982364006107638,23.51923462907042]