Targets_x = [7.739734097769694,];
Targets_y = [
22.718120052941384,];
center_x = [7.950701132106863];
center_y = [21.593253795640972];
image_corners_x = [10.082710302913352,5.6209185881003005,5.818691961300374,10.280483676113425,10.082710302913352];
image_corners_y = [23.032782317578135,22.684041936168672,20.153725273703806,20.50246565511327,23.032782317578135];
