Targets_x = [12.09805192975486,12.584343594117737,15.156678335630097,11.481684017585401,13.667653573793466,14.20177377196761,14.992994614280647,14.563797778313468,13.312418624644067,];
Targets_y = [
20.960156768448492,20.94680543542536,20.91305011439497,21.122127540540177,21.055782029791683,21.311601792318157,21.53696076979799,21.607507069285326,21.767042721453468,];
center_x = [13.597181198049888];
center_y = [22.150398172747913];
image_corners_x = [15.879276996851726,11.406799974872857,11.315085399248055,15.787562421226927,15.879276996851726];
image_corners_y = [23.337724680059434,23.49944804841117,20.96307166543639,20.801348297084655,23.337724680059434];
