Targets_x = [13.329965919319347,10.858886945915387,13.777711982404162,14.124808476196067,13.217987752598212,9.986726724651358,11.413908973233113,11.765832614680484,10.632410833716715,11.978073011457015,12.890712133832922,];
Targets_y = [
20.682608814676865,20.825278301086144,20.895294860484302,20.895682199721815,21.105619390389506,21.296414578869957,21.3177514931597,21.33489848936598,21.480916580009858,21.47128311401517,21.544731564182676,];
center_x = [11.9577190227094];
center_y = [21.971465579631634];
image_corners_x = [14.238994043390388,9.766406366255316,9.67644400202841,14.149031679163484,14.238994043390388];
image_corners_y = [23.160368330023992,23.31900196561077,20.78256282923928,20.623929193652497,23.160368330023992];
