Targets_x = [13.429377078917096,15.328659387914861,14.867474250797052,13.805570677077405,14.714957973870783,14.228460820289627,];
Targets_y = [
20.773363595882778,20.807934440974883,21.09117090797879,21.505308130146762,21.700240467639752,21.805804805653118,];
center_x = [15.523172033585332];
center_y = [20.98990169486303];
image_corners_x = [17.760383854375135,13.284984185301298,13.285960212795528,17.761359881869367,17.760383854375135];
image_corners_y = [22.259779145167563,22.258058083352733,19.7200242445585,19.721745306373325,22.259779145167563];
