Targets_x = [12.440684923213878,12.926976587576753,15.499311329089114,11.82431701104442,14.010286567252482,14.544406765426626,15.335627607739664,14.906430771772486,13.655051618103085,];
Targets_y = [
20.412352146010615,20.399000812987484,20.365245491957094,20.5743229181023,20.507977407353806,20.76379716988028,20.989156147360113,21.05970244684745,21.21923809901559,];
center_x = [13.939814191508907];
center_y = [21.602593550310036];
image_corners_x = [16.221909990310742,11.749432968331874,11.657718392707071,16.130195414685943,16.221909990310742];
image_corners_y = [22.789920057621558,22.951643425973295,20.415267042998515,20.253543674646778,22.789920057621558];
