Targets_x = [13.806114931322874,14.29240659568575,16.86474133719811,13.189747019153415,15.375716575361478,15.909836773535622,16.70105761584866,16.271860779881482,15.020481626212081,];
Targets_y = [
20.61473525884337,20.60138392582024,20.56762860478985,20.776706030935056,20.710360520186562,20.966180282713037,21.19153926019287,21.262085559680205,21.421621211848347,];
center_x = [15.305244199617903];
center_y = [21.804976663142792];
image_corners_x = [17.587339998419736,13.11486297644087,13.023148400816067,17.495625422794937,17.587339998419736];
image_corners_y = [22.992303170454313,23.15402653880605,20.61765015583127,20.455926787479534,22.992303170454313];
