Targets_x = [14.933343578053936,];
Targets_y = [
21.74696293077797,];
center_x = [16.966416401356756];
center_y = [22.498904700081322];
image_corners_x = [19.194130399728976,14.718867075757899,14.738702402984536,19.213965726955614,19.194130399728976];
image_corners_y = [23.785371105134335,23.75039481145803,21.21243829502831,21.247414588704615,23.785371105134335];
