Targets_x = [13.429631860659494,15.32891416965726,14.86772903253945,13.805825458819804,14.715212755613182,14.228715602032025,];
Targets_y = [
20.791674804689897,20.826245649782003,21.10948211678591,21.523619338953882,21.71855167644687,21.824116014460238,];
center_x = [15.523426815327731];
center_y = [21.00821290367015];
image_corners_x = [17.760638636117534,13.285238967043696,13.286214994537927,17.761614663611766,17.760638636117534];
image_corners_y = [22.278090353974683,22.276369292159853,19.738335453365618,19.740056515180445,22.278090353974683];
