Targets_x = [15.21024096101413,];
Targets_y = [
21.137271126623787,];
center_x = [17.264685202574586];
center_y = [21.82418552071685];
image_corners_x = [19.529674595183813,15.055350729078818,14.999695809965358,19.474019676070352,19.529674595183813];
image_corners_y = [23.043828304994793,23.141966479031527,20.60454273643891,20.50640456240217,23.043828304994793];
