Targets_x = [12.07828066472088,12.564572329083756,15.136907070596116,11.461912752551422,13.647882308759485,14.182002506933628,14.973223349246666,14.544026513279489,13.292647359610088,];
Targets_y = [
21.21497498490179,21.20162365187866,21.16786833084827,21.376945756993475,21.31060024624498,21.566420008771455,21.791778986251288,21.862325285738624,22.021860937906766,];
center_x = [13.57740993301591];
center_y = [22.40521638920121];
image_corners_x = [15.859505731817745,11.387028709838876,11.295314134214074,15.767791156192946,15.859505731817745];
image_corners_y = [23.592542896512732,23.75426626486447,21.21788988188969,21.056166513537953,23.592542896512732];
