Targets_x = [12.128378053324782,12.614669717687658,15.187004459200018,11.512010141155324,13.697979697363387,14.23209989553753,15.023320737850568,14.59412390188339,13.34274474821399,];
Targets_y = [
20.85130303256586,20.837951699542728,20.804196378512337,21.013273804657544,20.94692829390905,21.202748056435524,21.428107033915357,21.498653333402693,21.658188985570835,];
center_x = [13.627507321619811];
center_y = [22.04154443686528];
image_corners_x = [15.909603120421647,11.437126098442778,11.345411522817976,15.817888544796848,15.909603120421647];
image_corners_y = [23.2288709441768,23.39059431252854,20.85421792955376,20.69249456120202,23.2288709441768];
