Targets_x = [13.24785217968383,11.877289884564295,12.672405708238452,10.015812562793283,13.31938509751586,13.014781435755802,9.292254525144818,10.463954555897036,12.553466838334518,11.262982120479089,10.945723112829738,11.448985119769059,9.63852209901513,8.953243438274727,12.261120631365111,10.230605288199959,];
Targets_y = [
21.986346827838982,22.005885637823518,22.121032134149157,22.219429979908202,22.307915467494873,22.34139779580056,22.404701854304417,22.427229821167508,22.543898250945453,22.813104733487606,22.816961764369434,22.914844864475256,22.912716147097516,22.92037052519638,22.945410179619657,23.019163801190345,];
center_x = [11.107365385339131];
center_y = [22.051511027228997];
image_corners_x = [13.34357174694078,8.868174840497657,8.871159023737482,13.346555930180605,13.34357174694078];
image_corners_y = [23.323158218161247,23.317896108381692,20.779863836296748,20.785125946076302,23.323158218161247];
