Targets_x = [12.398238027415381,9.92715905401142,12.845984090500195,13.193080584292101,12.286259860694246,9.054998832747392,10.482181081329147,10.834104722776518,9.70068294181275,11.046345119553049,11.958984241928956,];
Targets_y = [
20.317808336372167,20.460477822781446,20.530494382179604,20.530881721417117,20.74081891208481,20.93161410056526,20.952951014855003,20.970098011061282,21.11611610170516,21.10648263571047,21.17993108587798,];
center_x = [11.025991130805433];
center_y = [21.606665101326936];
image_corners_x = [13.307266151486422,8.83467847435135,8.744716110124443,13.217303787259517,13.307266151486422];
image_corners_y = [22.795567851719294,22.954201487306072,20.41776235093458,20.2591287153478,22.795567851719294];
