Targets_x = [11.731024283288605,9.259945309884644,12.178770346373419,12.525866840165325,11.61904611656747,8.387785088620616,9.81496733720237,10.166890978649741,9.033469197685973,10.379131375426272,11.29177049780218,];
Targets_y = [
20.804456440811247,20.947125927220526,21.017142486618685,21.017529825856197,21.22746701652389,21.41826220500434,21.439599119294083,21.456746115500362,21.60276420614424,21.59313074014955,21.66657919031706,];
center_x = [10.358777386678657];
center_y = [22.093313205766016];
image_corners_x = [12.640052407359645,8.167464730224573,8.077502365997667,12.550090043132741,12.640052407359645];
image_corners_y = [23.282215956158375,23.440849591745152,20.90441045537366,20.74577681978688,23.282215956158375];
