Targets_x = [14.951745594813156,];
Targets_y = [
21.577009936138193,];
center_x = [16.984818418115978];
center_y = [22.328951705441547];
image_corners_x = [19.212532416488198,14.737269092517119,14.757104419743756,19.232367743714835,19.212532416488198];
image_corners_y = [23.61541811049456,23.580441816818254,21.042485300388535,21.07746159406484,23.61541811049456];
