Targets_x = [13.481299014190052,11.010220040786091,13.929045077274866,14.276141571066772,13.369320847468916,10.138059819522063,11.565242068103817,11.917165709551188,10.78374392858742,12.12940610632772,13.042045228703627,];
Targets_y = [
20.984154409497986,21.126823895907265,21.196840455305423,21.197227794542936,21.407164985210628,21.597960173691078,21.619297087980822,21.6364440841871,21.78246217483098,21.77282870883629,21.846277159003797,];
center_x = [12.109052117580104];
center_y = [22.273011174452755];
image_corners_x = [14.390327138261092,9.91773946112602,9.827777096899114,14.300364774034188,14.390327138261092];
image_corners_y = [23.461913924845113,23.62054756043189,21.0841084240604,20.92547478847362,23.461913924845113];
