Targets_x = [14.911828032276265,];
Targets_y = [
21.832641043362347,];
center_x = [16.96627227383672];
center_y = [22.51955543745541];
image_corners_x = [19.231261666445945,14.756937800340953,14.701282881227494,19.175606747332484,19.231261666445945];
image_corners_y = [23.739198221733353,23.837336395770087,21.29991265317747,21.20177447914073,23.739198221733353];
