Targets_x = [14.9331994505339,];
Targets_y = [
21.767613668152055,];
center_x = [16.96627227383672];
center_y = [22.51955543745541];
image_corners_x = [19.19398627220894,14.718722948237863,14.7385582754645,19.213821599435576,19.19398627220894];
image_corners_y = [23.80602184250842,23.771045548832117,21.233089032402397,21.268065326078702,23.80602184250842];
