Targets_x = [14.930374176555521,];
Targets_y = [
21.642037311348485,];
center_x = [16.984818418115978];
center_y = [22.328951705441547];
image_corners_x = [19.249807810725205,14.775483944620209,14.71982902550675,19.194152891611743,19.249807810725205];
image_corners_y = [23.54859448971949,23.646732663756225,21.109308921163606,21.01117074712687,23.54859448971949];
