Targets_x = [11.704593864131871,13.142860436701133,14.61915174553219,10.91014609370227,14.25256681784868,12.26019335059778,11.888428595521507,11.419125161229541,12.88297524658602,10.806996915378273,13.366257726190902,14.069386936041152,13.697622180964881,10.449912271452982,12.531183505188663,];
Targets_y = [
20.9656424620826,20.97064334166286,20.966980693485176,21.1179439561712,21.23543796504821,21.237629650266772,21.32844969404948,21.37325992462348,21.416195080357397,21.60495890143864,21.612426791369426,21.786332539689077,21.877152583471783,22.06795077078424,22.077974158769912,];
center_x = [12.440726288040395];
center_y = [20.982857428665206];
image_corners_x = [14.685178816271993,10.20984277602943,10.196273759808797,14.67160980005136,14.685178816271993];
image_corners_y = [22.239892956559448,22.263819655161832,19.725821900770963,19.70189520216858,22.239892956559448];
