Targets_x = [13.429745362052573,15.329027671050339,14.86784253393253,13.805938960212883,14.71532625700626,14.228829103425104,];
Targets_y = [
20.742519205838278,20.777090050930383,21.06032651793429,21.474463740102262,21.669396077595252,21.774960415608618,];
center_x = [15.52354031672081];
center_y = [20.95905730481853];
image_corners_x = [17.760752137510615,13.285352468436775,13.286328495931006,17.761728165004847,17.760752137510615];
image_corners_y = [22.228934755123063,22.227213693308233,19.689179854514,19.690900916328825,22.228934755123063];
