Targets_x = [11.70115727351701,13.139423846086272,14.615715154917329,10.90670950308741,14.249130227233819,12.256756759982919,11.884992004906646,11.41568857061468,12.879538655971158,10.803560324763412,13.362821135576041,14.065950345426291,13.69418559035002,10.446475680838121,12.527746914573802,];
Targets_y = [
20.904664238957025,20.909665118537287,20.906002470359603,21.056965733045626,21.174459741922636,21.1766514271412,21.267471470923905,21.312281701497906,21.355216857231824,21.543980678313066,21.551448568243853,21.725354316563504,21.81617436034621,22.006972547658666,22.01699593564434,];
center_x = [12.437289697425534];
center_y = [20.921879205539632];
image_corners_x = [14.681742225657132,10.206406185414568,10.192837169193936,14.6681732094365,14.681742225657132];
image_corners_y = [22.178914733433874,22.20284143203626,19.66484367764539,19.640916979043006,22.178914733433874];
