Targets_x = [12.130835850290111,10.756053448661234,11.551169272335391,8.898806180677031,12.193908660548527,11.897775053639549,8.166783061816217,9.346948173780786,11.43223537607019,10.145975738362836,9.824486676926677,10.327748683865998,8.51728566311207,7.832007002371666,11.139889169100783,9.113593932444973,];
Targets_y = [
21.02434074392406,21.035414472696246,21.150560969021885,21.248963788419662,21.345899436302485,21.37093160431202,21.43845576932522,21.45676362967897,21.569197032031372,21.842638541999065,21.846490599242163,21.944373699347985,21.942244981970244,21.949899360069107,21.97070896070558,22.052927663488617,];
center_x = [9.98612894943607];
center_y = [21.081039862101726];
image_corners_x = [12.22233531103772,7.746938404594596,7.749922587834421,12.225319494277544,12.22233531103772];
image_corners_y = [22.352687053033975,22.34742494325442,19.809392671169476,19.81465478094903,22.352687053033975];
