Targets_x = [15.670191340557658,15.162584535264651,15.006072436965974,14.439244837722118,14.160061094810965,13.61861383583176,];
Targets_y = [
17.111332269991067,17.57240845146555,17.174783120652695,17.047881419329443,16.654486145227363,16.942130001560066,];
center_x = [14.4223246109];
center_y = [18.6299226292];
image_corners_x = [13.153307597646505,13.153307597646505,15.691341624111532,15.691341624111532,13.153307597646505];
image_corners_y = [20.86762262915931,16.39222262915931,16.39222262915931,20.86762262915931,20.86762262915931];
