Targets_x = [16.963501385560214,17.030537878211756,17.124955417606216,17.22467877594803,17.27256571792516,17.321501387770354,17.42878482909293,17.436569018498407,17.547780603548567,17.618592031572103,17.622366966944096,17.754656725497895,17.87385527571829,17.871372399132063,17.940355539125257,17.943017460855145,18.182703313934166,18.18939702033807,18.198677244274634,18.28104779707564,18.286192595391757,18.4140990912793,18.478392551895052,18.582904724432634,18.67115006830288,18.934368734722565,18.981683398430278,18.980493780610377,];
Targets_y = [
17.963132486455763,18.568102350930666,17.294955138238578,18.982854955268778,17.709658175167526,19.42288424452445,17.984778432100715,18.6192955909568,17.464607923475775,18.496817779456034,18.924057770961387,17.837073503091545,17.126550550486648,19.45731047566352,18.234896877930783,19.706960284170595,17.076118846110372,18.734309148147585,17.96444827586262,20.05841528220431,19.19971876326726,18.25655183583195,17.465599271659027,18.62897686029477,19.178978549371546,18.282486415452944,17.54650653280625,18.66324087082203,];
center_x = [18.117012953605656];
center_y = [19.1783882465897];
image_corners_x = [16.845612918638007,16.850380402173812,19.388412988573307,19.3836455050375,16.845612918638007];
image_corners_y = [21.41473513850022,16.93933767781578,16.942041354679183,21.417438815363624,21.41473513850022];
