Targets_x = [18.632209148865453,18.632209148865453,18.585678525046927,18.323415008978873,18.2345838180526,18.128832400283223,18.065381549621595,17.93424979158757,17.938479848298343,17.849648657372068,17.84118854395052,17.832728430528967,17.595845254725564,17.59161519801479,17.52393429064239,17.52393429064239,17.405492702740688,17.27436094470666,17.270130887995887,17.19821992391271,17.08823844943256,17.07977833601101,16.974026918241634,16.923266237712333,16.876735613893807,16.77521425283521,16.682153005198156,16.614472097825754,];
Targets_y = [
18.279030012877794,17.162295041233183,17.89832490890804,18.79509693159235,18.245189559191594,17.081923963728457,17.87294456864339,19.67494872743356,18.816247215146227,17.581070655599913,18.35094097696097,16.69275874633715,19.32385402043923,17.851794285089515,19.074280674503505,16.743519426866452,17.45416895427666,18.541293528945847,18.114057801157568,17.081923963728457,18.236729445770045,17.60222093915379,19.040440220817302,17.32726725295341,18.6005143228967,16.912721695297456,18.185968765240744,17.581070655599913,];
center_x = [17.7692775799];
center_y = [18.7950969316];
image_corners_x = [16.50026056663483,16.50026056663483,19.038294593099856,19.038294593099856,16.50026056663483];
image_corners_y = [21.03279693159235,16.55739693159235,16.55739693159235,21.03279693159235,21.03279693159235];
