Targets_x = [16.376454910366057,16.367994796944508,16.325694229836756,16.283393662729008,16.190332415091955,16.114191394298004,16.02536020337173,15.98305963626398,15.873078161783829,15.775786857436001,15.6404250426912,15.517753398078725,15.412001980309348,15.382391583333924,14.972076082388742,];
Targets_y = [
16.038361014024446,15.04429768699231,16.799771221963955,17.882665739922366,17.057804681321233,17.611942110432764,16.668639463929928,15.47153341478059,16.985893717238056,16.389455721018777,17.565411486614238,16.507897308920477,17.05357462461046,17.320068197389286,17.544261203060362,];
center_x = [15.2047292015];
center_y = [16.0045205603];
image_corners_x = [13.935712188248857,13.935712188248857,16.473746214713884,16.473746214713884,13.935712188248857];
image_corners_y = [18.242220560338247,13.766820560338246,13.766820560338246,18.242220560338247,18.242220560338247];
