
Targets1_x = [16.44415138083094,15.780394732594434,15.939110501044201,15.212871789629178,]
Targets1_y = [17.47903024069215,17.54616473614223,17.94291559683857,17.422409824032272,]
Targets2_x = [17.321501387770354,17.22467877594803,17.943017460855145,18.28104779707564,17.030537878211756,17.871372399132063,17.622366966944096,17.436569018498407,16.963501385560214,17.618592031572103,18.286192595391757,17.42878482909293,17.27256571792516,18.18939702033807,18.67115006830288,17.940355539125257,17.124955417606216,17.754656725497895,17.547780603548567,18.582904724432634,18.4140990912793,]
Targets2_y = [
19.42288424452445,18.982854955268778,19.706960284170595,20.05841528220431,18.568102350930666,19.45731047566352,18.924057770961387,18.6192955909568,17.963132486455763,18.496817779456034,19.19971876326726,17.984778432100715,17.709658175167526,18.734309148147585,19.178978549371546,18.234896877930783,17.294955138238578,17.837073503091545,17.464607923475775,18.62897686029477,18.25655183583195,]
center1_x = [15.20472920148137,18.117012953605656]
center1_y = [19.004520560338246,19.1783882465897]
image_corners1_x = [13.94814678150042,13.923316657928918,16.461311621462322,16.486141745033823,]
image_corners1_y = [21.249226797614828,16.773895678584257,16.759814323061665,21.235145442092236,]
image_corners2_x = [16.845612918638007,16.850380402173812,19.388412988573307,19.3836455050375,]
image_corners2_y = [21.41473513850022,16.93933767781578,16.942041354679183,21.417438815363624,]