
Targets1_x = [16.45259593116001,]
Targets1_y = [17.485930201170003,]
Targets2_x = [19.36064962657352,19.297198775911895,19.288738662490342,]
Targets2_y = [
17.81119013694887,17.540466507459268,17.01593947532316,]
center1_x = [15.20472920148137,18.117012953605656]
center1_y = [19.004520560338246,16.1783882465897]
image_corners1_x = [13.935712188248857,13.935712188248857,16.473746214713884,16.473746214713884,]
image_corners1_y = [21.242220560338247,16.766820560338246,16.766820560338246,21.242220560338247,]
image_corners2_x = [16.847995940373142,16.847995940373142,19.38602996683817,19.38602996683817,]
image_corners2_y = [18.416088246589702,13.940688246589701,13.940688246589701,18.416088246589702,]