
Targets1_x = [16.367994796944508,15.98305963626398,16.376454910366057,16.02536020337173,16.325694229836756,16.190332415091955,16.114191394298004,16.283393662729008,]
Targets1_y = [15.04429768699231,15.47153341478059,16.038361014024446,16.668639463929928,16.799771221963955,17.057804681321233,17.611942110432764,17.882665739922366,]
Targets2_x = [19.13222656419167,19.36064962657352,18.793822027329664,19.022245089711515,19.297198775911895,18.688070609560288,17.968960968728528,18.853042821280514,18.19738403111038,]
Targets2_y = [
18.208815467761724,17.81119013694887,18.225735694604825,17.798499966816543,17.540466507459268,17.88733115774282,18.394937963035826,17.519316223905392,18.035383142619946,]
center1_x = [15.2047292015,18.1170129536]
center1_y = [16.0045205603,16.1783882466]
image_corners1_x = [13.935712188248857,13.935712188248857,16.473746214713884,16.473746214713884,]
image_corners1_y = [18.242220560338247,13.766820560338246,13.766820560338246,18.242220560338247,]
image_corners2_x = [16.847995940373142,16.847995940373142,19.38602996683817,19.38602996683817,]
image_corners2_y = [18.416088246589702,13.940688246589701,13.940688246589701,18.416088246589702,]