
Targets1_x = [18.28104779707564,18.67115006830288,17.943017460855145,18.980493780610377,18.286192595391757,17.871372399132063,18.934368734722565,18.582904724432634,18.18939702033807,17.321501387770354,18.4140990912793,17.622366966944096,17.22467877594803,17.940355539125257,17.618592031572103,17.436569018498407,17.030537878211756,]
Targets1_y = [20.05841528220431,19.178978549371546,19.706960284170595,18.66324087082203,19.19971876326726,19.45731047566352,18.282486415452944,18.62897686029477,18.734309148147585,19.42288424452445,18.25655183583195,18.924057770961387,18.982854955268778,18.234896877930783,18.496817779456034,18.6192955909568,18.568102350930666,]
Targets2_x = [18.065166029165933,]
Targets2_y = [
19.953725167438254,]
center1_x = [18.117012953605656,18.117012953605656]
center1_y = [19.1783882465897,22.1783882465897]
image_corners1_x = [16.845612918638007,16.850380402173812,19.388412988573307,19.3836455050375,]
image_corners1_y = [21.41473513850022,16.93933767781578,16.942041354679183,21.417438815363624,]
image_corners2_x = [16.866147785770607,16.82992721800243,19.367878121440707,19.40409868920888,]
image_corners2_y = [24.426285442141705,19.951032015745547,19.9304910510377,24.405744477433856,]