
Targets1_x = [16.36064979341078,16.205590113844284,16.014668787500096,16.036006732071822,16.049001738398985,15.92615933366549,15.884332163779218,15.731667001739893,15.717380550295742,]
Targets1_y = [16.199286826207306,16.94646729116542,18.013237614219538,17.183417842263122,15.583714849296587,16.775252500605546,17.721804850578827,17.0685319138865,16.46437979848765,]
Targets2_x = [16.963501385560214,17.030537878211756,17.124955417606216,17.27256571792516,17.22467877594803,17.321501387770354,17.42878482909293,17.436569018498407,17.547780603548567,17.618592031572103,]
Targets2_y = [
17.963132486455763,18.568102350930666,17.294955138238578,17.709658175167526,18.982854955268778,19.42288424452445,17.984778432100715,18.6192955909568,17.464607923475775,18.496817779456034,]
center1_x = [15.20472920148137,18.117012953605656]
center1_y = [16.004520560338246,19.1783882465897]
image_corners1_x = [13.639843475972986,14.255728499127333,16.769614926989757,16.15372990383541,]
image_corners1_y = [18.046293842554874,13.613474108090799,13.962747278121618,18.395567012585694,]
image_corners2_x = [16.845612918638007,16.850380402173812,19.388412988573307,19.3836455050375,]
image_corners2_y = [21.41473513850022,16.93933767781578,16.942041354679183,21.417438815363624,]