
Targets1_x = [15.775786857436001,15.873078161783829,15.517753398078725,15.412001980309348,15.6404250426912,15.382391583333924,14.972076082388742,]
Targets1_y = [16.389455721018777,16.985893717238056,16.507897308920477,17.05357462461046,17.565411486614238,17.320068197389286,17.544261203060362,]
Targets2_x = [13.61861383583176,14.160061094810965,14.439244837722118,15.162584535264651,15.006072436965974,]
Targets2_y = [
16.942130001560066,16.654486145227363,17.047881419329443,17.57240845146555,17.174783120652695,]
center1_x = [15.2047292015,14.4223246109]
center1_y = [16.0045205603,18.6299226292]
image_corners1_x = [13.935712188248857,13.935712188248857,16.473746214713884,16.473746214713884,]
image_corners1_y = [18.242220560338247,13.766820560338246,13.766820560338246,18.242220560338247,]
image_corners2_x = [13.153307597646505,13.153307597646505,15.691341624111532,15.691341624111532,]
image_corners2_y = [20.86762262915931,16.39222262915931,16.39222262915931,20.86762262915931,]