
Targets1_x = [18.836122594437413,18.93341389878524,18.544248681393935,18.692300666271063,18.451187433756886,18.269294995193558,18.85727287799129,18.59077930521246,17.795528643586753,18.349666072698284,18.853042821280514,17.77860841674365,18.083172499919456,18.654230155874085,19.022245089711515,17.27523166816142,17.86743960766993,19.13222656419167,18.091632613341005,18.273525051904333,18.44695737704611,18.688070609560288,18.793822027329664,17.72784773621435,17.86320955095915,18.01126153583628,16.991817868539492,17.347142632244598,18.18046380426728,18.03664187610093,18.19738403111038,17.622096318444974,17.689777225817377,17.101799343019646,16.890296507480894,17.266771554739872,17.968960968728528,16.996047925250267,17.228701044342895,17.376753029220023,]
Targets1_y = [15.9245848439432,16.402581252260777,16.021876148291025,16.32644023146683,16.317980118045277,16.106477282506525,16.960948738083086,16.698685222015033,15.9076646171001,16.74098578912278,17.519316223905392,16.123397509349626,16.563323407270232,17.31627350178819,17.798499966816543,15.696161781561345,16.48718238647628,18.208815467761724,16.97363890821541,17.240132480994237,17.519316223905392,17.88733115774282,18.225735694604825,16.867887490446034,17.151301290067963,17.350113955474388,16.0261062050018,16.525252896873255,17.718128889311817,17.815420193659644,18.035383142619946,17.35857406889594,17.798499966816543,17.041319815587812,16.79597652636286,17.379724352449816,18.394937963035826,17.30781338836664,17.84503059063507,18.077683709727697,]
Targets2_x = [16.974026918241634,16.876735613893807,16.682153005198156,17.595845254725564,17.93424979158757,17.52393429064239,17.27436094470666,17.08823844943256,16.614472097825754,17.270130887995887,17.938479848298343,17.07977833601101,16.923266237712333,17.84118854395052,16.77521425283521,17.59161519801479,18.323415008978873,17.405492702740688,17.19821992391271,18.2345838180526,18.065381549621595,17.849648657372068,18.632209148865453,17.52393429064239,18.585678525046927,]
Targets2_y = [
19.040440220817302,18.6005143228967,18.185968765240744,19.32385402043923,19.67494872743356,19.074280674503505,18.541293528945847,18.236729445770045,17.581070655599913,18.114057801157568,18.816247215146227,17.60222093915379,17.32726725295341,18.35094097696097,16.912721695297456,17.851794285089515,18.79509693159235,17.45416895427666,17.081923963728457,18.245189559191594,17.87294456864339,17.581070655599913,18.279030012877794,16.743519426866452,17.89832490890804,]
center1_x = [18.1170129536,17.7692775799]
center1_y = [16.1783882466,18.7950969316]
image_corners1_x = [16.847995940373142,16.847995940373142,19.38602996683817,19.38602996683817,]
image_corners1_y = [18.416088246589702,13.940688246589701,13.940688246589701,18.416088246589702,]
image_corners2_x = [16.50026056663483,16.50026056663483,19.038294593099856,19.038294593099856,]
image_corners2_y = [21.03279693159235,16.55739693159235,16.55739693159235,21.03279693159235,]