
Targets1_x = []
Targets1_y = []
Targets2_x = [18.065166029165933,]
Targets2_y = [
19.953725167438254,]
center1_x = [15.20472920148137,18.117012953605656]
center1_y = [22.004520560338246,22.1783882465897]
image_corners1_x = [13.945688778513224,13.92576075934653,16.46376962444952,16.48369764361621,]
image_corners1_y = [24.247849043464548,19.772493411332942,19.761192077211945,24.23654770934355,]
image_corners2_x = [16.866147785770607,16.82992721800243,19.367878121440707,19.40409868920888,]
image_corners2_y = [24.426285442141705,19.951032015745547,19.9304910510377,24.405744477433856,]