Targets2_x = [15.588566388534314,15.619314426783902,15.7883253119667,15.910293883405881,15.787459948365884,15.857525618893265,16.049062518120106,16.019257171972583,16.197928793073103,16.207152624669774,]
Targets2_y = [
17.29859397225735,17.90296911400853,16.645002678024813,17.06531092764654,18.326078781682984,18.768518366234172,17.347597675576747,17.97779270807897,16.838386297205165,17.86700447372679,]
center2_x = [16.661502789248082]
center2_y = [18.5729186831096]
image_corners2_x = [15.25930918891595,15.530320111300028,18.06369638958022,17.792685467196137,15.25930918891595]
image_corners2_y = [20.72966590451993,16.26247906715253,16.416171461699268,20.883358299066668,20.72966590451993]