Targets2_x = [14.024543379175133,14.56599063815434,14.845174381065492,15.568514078608025,15.412001980309348,]
Targets2_y = [
16.82092150551783,16.533277649185127,16.926672923287207,17.451199955423313,17.05357462461046,]
center2_x = [14.828254154222392]
center2_y = [18.508714133117074]
image_corners2_x = [13.559237140989879,13.559237140989879,16.097271167454906,16.097271167454906,13.559237140989879]
image_corners2_y = [20.746414133117074,16.271014133117074,16.271014133117074,20.746414133117074,20.746414133117074]