Targets2_x = [16.29069344929799,16.13162559588839,16.89671848894956,15.87319880140509,16.588984326352012,16.146633094159704,15.965482338299092,15.742533658900268,17.10670599611126,16.93561292196142,16.499818333817274,17.07419330952687,17.71069016787889,16.887365381291506,16.72996629334325,17.588577448363434,16.18461981558642,16.58104629952989,18.047215992834804,17.330060475994674,15.805777306960744,17.143396054499245,16.94892341485965,17.91734014411791,17.73489272521856,17.526681010434654,16.701433773760527,18.25532613885249,]
Targets2_y = [
17.714855062557675,17.490220768666518,18.001926861690386,16.966134201510794,17.421096810698852,17.02447312195347,16.695248145890925,16.461091779451536,17.632217474159347,17.42085997510444,16.985866071628983,17.31677666218385,17.792570599726922,16.9582412636314,16.767342990508904,17.460425284107036,16.168675279574174,16.491478878416757,17.75901493472919,17.105436012159934,15.688591010580549,16.835666263807877,16.578964714609402,17.35538917065857,17.08541082662385,16.892798699097277,16.105064987241324,17.351352523833416,]
center2_x = [16.935009442094646]
center2_y = [15.78491665244994]
image_corners2_x = [15.778095652519712,15.556988581087419,18.091923231669583,18.31303030310187,15.778095652519712]
image_corners2_y = [18.082579802993322,13.612645035800108,13.487253501906562,17.95718826909977,18.082579802993322]