Targets2_x = [18.171128054454808,18.001345503202874,18.310594863037174,18.913626749671792,18.586271619957596,19.219542715595455,18.460711807808337,18.784941880731314,18.05828219017931,19.50569868623323,18.458653379712835,18.640373504518024,19.221675972986898,18.96229939757811,18.243720352075457,20.00170567638664,18.637538702102013,19.430024130058804,18.332619919167602,19.200678426533845,19.591081465393973,19.94365077014681,18.875362165405974,19.289161319387155,19.983372009878153,18.942311505663632,19.669817016242618,19.270884627035816,]
Targets2_y = [
17.227685951161366,17.885362816458862,17.63967951677429,17.072809283702167,17.40179907931318,17.02772825302319,17.91389791385881,17.772972745440537,18.484101540841568,17.41707713473692,18.54091889591423,18.422707857101628,17.905640962748546,18.168874466661237,18.896859009225675,17.504746238621745,18.844877910507368,18.197548455474134,19.333094509986637,18.66611900798181,18.56809711024325,18.231165560995834,19.37555616332887,19.127429792368474,18.608058718152506,19.623310362658255,19.1128532819693,19.97574077599815,]
center2_x = [19.122339990414854]
center2_y = [19.10375589442153]
image_corners2_x = [17.816319570659804,17.890676715141936,20.42836041016991,20.354003265687773,17.816319570659804]
image_corners2_y = [21.320062762401776,16.845280513502455,16.88744902644128,21.3622312753406,21.320062762401776]