Targets_x = [12.39808809014167,10.915620630827748,9.92715905401142,11.745690121446218,12.828924558984006,13.188853185731483,12.282032462133627,9.050771434186773,10.482181081329147,10.83425466005023,9.70068294181275,11.04211772099243,11.954756843368337,13.007799741886947,];
Targets_y = [
20.313580937811547,20.404255507929857,20.460477822781446,20.417141787888593,20.52686673271383,20.53103165869083,20.74096884935852,20.931764037838967,20.952951014855003,20.9743254096219,21.11611610170516,21.106632572984182,21.180081023151686,21.273945934650428,];
center_x = [11.025991130805433];
center_y = [21.606665101326936];
image_corners_x = [13.307266151486422,8.83467847435135,8.744716110124443,13.217303787259517,13.307266151486422];
image_corners_y = [22.795567851719294,22.954201487306072,20.41776235093458,20.2591287153478,22.795567851719294];
