Targets_x = [13.48114907691634,11.998681617602418,11.010220040786091,12.828751108220889,13.911985545758677,14.271914172506154,13.365093448908297,10.133832420961443,11.565242068103817,11.9173156468249,10.78374392858742,12.1251787077671,13.037817830143007,14.090860728661617,];
Targets_y = [
20.979927010937367,21.070601581055676,21.126823895907265,21.08348786101441,21.19321280583965,21.197377731816648,21.40731492248434,21.598110110964786,21.619297087980822,21.64067148274772,21.78246217483098,21.77297864611,21.846427096277505,21.940292007776247,];
center_x = [12.109052117580104];
center_y = [22.273011174452755];
image_corners_x = [14.390327138261092,9.91773946112602,9.827777096899114,14.300364774034188,14.390327138261092];
image_corners_y = [23.461913924845113,23.62054756043189,21.0841084240604,20.92547478847362,23.461913924845113];
