Targets_x = [15.184853373267211,15.231579320393054,15.621590574811135,];
Targets_y = [
20.56002581405564,21.07647367894088,21.511000762454064,];
center_x = [17.264685202574586];
center_y = [21.82418552071685];
image_corners_x = [19.492399200946807,15.017135876975727,15.036971204202365,19.512234528173444,19.492399200946807];
image_corners_y = [23.11065192576986,23.075675632093557,20.537719115663837,20.57269540934014,23.11065192576986];
