Targets_x = [13.329815982045636,11.847348522731714,10.858886945915387,12.677418013350184,13.760652450887973,14.12058107763545,13.213760354037593,9.982499326090739,11.413908973233113,11.765982551954195,10.632410833716715,11.973845612896396,12.886484735272303,13.939527633790913,];
Targets_y = [
20.678381416116245,20.769055986234555,20.825278301086144,20.78194226619329,20.89166721101853,20.895832136995526,21.105769327663218,21.296564516143665,21.3177514931597,21.3391258879266,21.480916580009858,21.47143305128888,21.544881501456384,21.638746412955125,];
center_x = [11.9577190227094];
center_y = [21.971465579631634];
image_corners_x = [14.238994043390388,9.766406366255316,9.67644400202841,14.149031679163484,14.238994043390388];
image_corners_y = [23.160368330023992,23.31900196561077,20.78256282923928,20.623929193652497,23.160368330023992];
