Targets_x = [13.412711266586285,14.927060070079415,14.55895894769226,14.008993054303854,13.70858910140945,14.431868557103662,14.04690089063673,13.298133733530207,14.706709979811201,];
Targets_y = [
21.038616646847643,21.068809404705135,21.292860869811964,21.44493142751587,21.626708356042634,21.783498610604134,21.867951707727318,21.990335415158242,22.075478238377347,];
center_x = [15.52354031672081];
center_y = [20.95905730481853];
image_corners_x = [17.760752137510615,13.285352468436775,13.286328495931006,17.761728165004847,17.760752137510615];
image_corners_y = [22.228934755123063,22.227213693308233,19.689179854514,19.690900916328825,22.228934755123063];
