Targets_x = [14.887559612232408,14.938548545764345,15.328559800182425,];
Targets_y = [
21.205439566637484,21.717690562874054,22.152217646387232,];
center_x = [16.96739144153978];
center_y = [22.469599273298694];
image_corners_x = [19.195105439912002,14.719842115940924,14.739677443167562,19.21494076713864,19.195105439912002];
image_corners_y = [23.756065678351707,23.721089384675402,21.183132868245682,21.218109161921987,23.756065678351707];
