Targets_x = [11.730874346014893,10.248406886700971,9.259945309884644,11.078476377319442,12.16171081485723,12.521639441604707,11.61481871800685,8.383557690059996,9.81496733720237,10.167040915923453,9.033469197685973,10.374903976865653,11.28754309924156,12.34058599776017,];
Targets_y = [
20.800229042250628,20.890903612368938,20.947125927220526,20.903789892327673,21.01351483715291,21.01767976312991,21.2276169537976,21.418412142278047,21.439599119294083,21.46097351406098,21.60276420614424,21.593280677423262,21.666729127590767,21.760594039089508,];
center_x = [10.358777386678657];
center_y = [22.093313205766016];
image_corners_x = [12.640052407359645,8.167464730224573,8.077502365997667,12.550090043132741,12.640052407359645];
image_corners_y = [23.282215956158375,23.440849591745152,20.90441045537366,20.74577681978688,23.282215956158375];
