Targets_x = [12.118150662568421,8.082699244508289,10.751823394874425,11.542709164761774,8.894581100528955,10.958777717549115,12.189673633122984,10.222728464089549,11.885084892279124,8.166783061816217,9.342718119993975,11.423775268496573,10.13751563078922,9.820256623139867,10.319288576292381,8.51305560932526,7.832007002371666,11.131429061527166,12.002770405222334,9.109363878658165,];
Targets_y = [
21.020095769221054,20.9984307027225,21.035409499057515,21.150551021744416,21.24472876099412,21.30637664971116,21.35012451645056,21.322431451718845,21.370916683395823,21.43845576932522,21.456758656040236,21.569187084753906,21.8426285947216,21.846485625603428,21.94436375207052,21.94224000833151,21.949899360069107,21.97069901342811,22.0140241208752,22.052922689849883,];
center_x = [9.98612894943607];
center_y = [21.081039862101726];
image_corners_x = [12.22233531103772,7.746938404594596,7.749922587834421,12.225319494277544,12.22233531103772];
image_corners_y = [22.352687053033975,22.34742494325442,19.809392671169476,19.81465478094903,22.352687053033975];
