Targets_x = [13.805962073696833,14.287873586462041,16.86474133719811,13.189594161527376,15.371336423763813,16.23599725836586,15.90122932796633,16.69245017027937,16.26325333431219,14.091341378653375,15.421004550134134,15.016101474614416,17.002117934636814,];
Targets_y = [
20.610507964871744,20.593082195503033,20.56762860478985,20.772478736963432,20.70628608384098,20.738512537702913,20.962258703993495,21.187617681473327,21.258163980960664,21.36209656457566,21.377508679573047,21.417546775502764,21.55737410509665,];
center_x = [15.305244199617903];
center_y = [21.804976663142792];
image_corners_x = [17.587339998419736,13.11486297644087,13.023148400816067,17.495625422794937,17.587339998419736];
image_corners_y = [22.992303170454313,23.15402653880605,20.61765015583127,20.455926787479534,22.992303170454313];
