Targets_x = [11.709594651004613,13.143608612289523,14.615669924863258,10.91514688057501,14.24903976712568,12.26094152618617,10.218169944280001,11.884924159825545,11.424125948102283,13.683170099780497,12.883700807147376,10.811997702251013,13.367028516806323,14.070135111629542,13.694140360295952,12.916589959868588,10.45491305832572,12.53620690708844,11.673332900649614,14.334158851691948,];
Targets_y = [
20.90038901264564,20.901182510995614,20.89754247784497,21.052690506734237,21.157539756893364,21.168168819599526,21.238311825259593,21.25478148215195,21.308006475186513,21.338230013323333,21.342504253432832,21.53970545200168,21.5471959569595,21.71687170902183,21.807714367831576,21.955695405554717,22.002697321347277,22.01695070559027,22.03002416361992,22.045409285416515,];
center_x = [12.437289697425534];
center_y = [20.921879205539632];
image_corners_x = [14.681742225657132,10.206406185414568,10.192837169193936,14.6681732094365,14.681742225657132];
image_corners_y = [22.178914733433874,22.20284143203626,19.66484367764539,19.640916979043006,22.178914733433874];
