Targets_x = [14.941786196364678,14.992775129896616,15.382786384314695,];
Targets_y = [
20.932025953356447,21.444276949593018,21.878804033106196,];
center_x = [17.02161802567205];
center_y = [22.196185660017658];
image_corners_x = [19.24933202404427,14.774068700073194,14.793904027299831,19.26916735127091,19.24933202404427];
image_corners_y = [23.48265206507067,23.447675771394366,20.909719254964646,20.94469554864095,23.48265206507067];
