Targets_x = [14.92323531787185,15.330226373793982,];
Targets_y = [
21.682065291180457,22.104708056760096,];
center_x = [16.977679559432307];
center_y = [22.36897968527352];
image_corners_x = [19.242668952041534,14.768345085936538,14.712690166823078,19.187014032928072,19.242668952041534];
image_corners_y = [23.588622469551463,23.686760643588197,21.14933690099558,21.05119872695884,23.588622469551463];
