Targets_x = [14.912947199979325,15.319938255901459,];
Targets_y = [
21.782684879205632,22.20532764478527,];
center_x = [16.96739144153978];
center_y = [22.469599273298694];
image_corners_x = [19.23238083414901,14.758056968044013,14.702402048930555,19.176725915035547,19.23238083414901];
image_corners_y = [23.68924205757664,23.787380231613373,21.249956489020754,21.151818314984016,23.68924205757664];
