Targets_x = [13.412342983450808,14.926691786943938,14.558590664556782,14.008624771168376,13.708220818273972,14.431500273968185,14.046532607501252,13.29776545039473,14.706341696675723,];
Targets_y = [
21.069461036892143,21.099653794749635,21.323705259856464,21.47577581756037,21.657552746087134,21.814343000648634,21.898796097771818,22.021179805202742,22.106322628421847,];
center_x = [15.523172033585332];
center_y = [20.98990169486303];
image_corners_x = [17.760383854375135,13.284984185301298,13.285960212795528,17.761359881869367,17.760383854375135];
image_corners_y = [22.259779145167563,22.258058083352733,19.7200242445585,19.721745306373325,22.259779145167563];
