Targets_x = [11.713031241619474,13.147045202904383,14.61910651547812,10.918583471189871,14.252476357740541,12.26437811680103,10.221606534894862,11.888360750440405,11.427562538717144,13.686606690395358,12.887137397762237,10.815434292865874,13.370465107421184,14.073571702244402,13.697576950910813,12.920026550483449,10.458349648940581,12.5396434977033,11.676769491264475,14.337595442306808,];
Targets_y = [
20.961367235771213,20.962160734121188,20.958520700970542,21.11366872985981,21.218517980018937,21.2291470427251,21.299290048385167,21.315759705277525,21.368984698312087,21.399208236448906,21.403482476558406,21.600683675127254,21.608174180085072,21.777849932147404,21.86869259095715,22.01667362868029,22.06367554447285,22.077928928715842,22.091002386745494,22.10638750854209,];
center_x = [12.440726288040395];
center_y = [20.982857428665206];
image_corners_x = [14.685178816271993,10.20984277602943,10.196273759808797,14.67160980005136,14.685178816271993];
image_corners_y = [22.239892956559448,22.263819655161832,19.725821900770963,19.70189520216858,22.239892956559448];
