Targets_x = [13.412597765193206,14.926946568686336,14.55884544629918,14.008879552910775,13.70847560001637,14.431755055710584,14.04678738924365,13.298020232137128,14.706596478418122,];
Targets_y = [
21.087772245699263,21.117965003556755,21.342016468663584,21.494087026367488,21.675863954894254,21.832654209455754,21.917107306578938,22.03949101400986,22.124633837228966,];
center_x = [15.523426815327731];
center_y = [21.00821290367015];
image_corners_x = [17.760638636117534,13.285238967043696,13.286214994537927,17.761614663611766,17.760638636117534];
image_corners_y = [22.278090353974683,22.276369292159853,19.738335453365618,19.740056515180445,22.278090353974683];
