Targets_x = [12.440532065587837,12.922443578353045,15.499311329089114,11.82416415341838,14.005906415654817,14.870567250256864,14.535799319857334,15.327020162170372,14.897823326203195,12.72591137054438,14.055574542025138,13.65067146650542,15.636687926527816,];
Targets_y = [
20.408124852038988,20.390699082670277,20.365245491957094,20.570095624130676,20.503902971008223,20.536129424870158,20.75987559116074,20.98523456864057,21.055780868127908,21.159713451742903,21.17512556674029,21.215163662670008,21.354990992263893,];
center_x = [13.939814191508907];
center_y = [21.602593550310036];
image_corners_x = [16.221909990310742,11.749432968331874,11.657718392707071,16.130195414685943,16.221909990310742];
image_corners_y = [22.789920057621558,22.951643425973295,20.415267042998515,20.253543674646778,22.789920057621558];
