Targets_x = [12.07812780709484,12.560039319860048,15.136907070596116,11.461759894925382,13.64350215716182,14.508162991763866,14.173395061364337,14.964615903677375,14.535419067710198,12.363507112051382,13.69317028353214,13.288267208012423,15.274283668034819,];
Targets_y = [
21.210747690930162,21.193321921561452,21.16786833084827,21.37271846302185,21.306525809899398,21.338752263761332,21.562498430051914,21.787857407531746,21.858403707019082,21.962336290634077,21.977748405631466,22.017786501561183,22.157613831155068,];
center_x = [13.57740993301591];
center_y = [22.40521638920121];
image_corners_x = [15.859505731817745,11.387028709838876,11.295314134214074,15.767791156192946,15.859505731817745];
image_corners_y = [23.592542896512732,23.75426626486447,21.21788988188969,21.056166513537953,23.592542896512732];
