Targets_x = [12.097899072128818,12.579810584894027,15.156678335630097,11.481531159959363,13.6632734221958,14.527934256797845,14.193166326398316,14.984387168711354,14.555190332744179,12.383278377085361,13.712941548566121,13.308038473046402,15.2940549330688,];
Targets_y = [
20.955929474476864,20.938503705108154,20.91305011439497,21.117900246568553,21.0517075934461,21.083934047308034,21.307680213598616,21.533039191078448,21.603585490565784,21.70751807418078,21.722930189178168,21.762968285107885,21.90279561470177,];
center_x = [13.597181198049888];
center_y = [22.150398172747913];
image_corners_x = [15.879276996851726,11.406799974872857,11.315085399248055,15.787562421226927,15.879276996851726];
image_corners_y = [23.337724680059434,23.49944804841117,20.96307166543639,20.801348297084655,23.337724680059434];
