Targets_x = [14.967173784111596,15.374164840033728,];
Targets_y = [
21.509271265924596,21.931914031504235,];
center_x = [17.02161802567205];
center_y = [22.196185660017658];
image_corners_x = [19.286607418281278,14.812283552176284,14.756628633062824,19.230952499167817,19.286607418281278];
image_corners_y = [23.415828444295602,23.513966618332336,20.976542875739717,20.87840470170298,23.415828444295602];
