Targets_x = [12.128225195698741,12.61013670846395,15.187004459200018,11.511857283529285,13.693599545765721,14.558260380367768,14.223492449968239,15.014713292281277,14.5855164563141,12.413604500655284,13.743267672136042,13.338364596616325,15.324381056638721,];
Targets_y = [
20.84707573859423,20.82964996922552,20.804196378512337,21.00904651068592,20.942853857563467,20.9750803114254,21.198826477715983,21.424185455195815,21.49473175468315,21.598664338298146,21.614076453295535,21.654114549225252,21.793941878819137,];
center_x = [13.627507321619811];
center_y = [22.04154443686528];
image_corners_x = [15.909603120421647,11.437126098442778,11.345411522817976,15.817888544796848,15.909603120421647];
image_corners_y = [23.2288709441768,23.39059431252854,20.85421792955376,20.69249456120202,23.2288709441768];
