Targets_x = [12.275697295422129,10.304490868200956,11.387385386159368,11.759630376707573,12.415289166877704,12.220706558182052,11.484676690507195,12.415289166877706,12.013433779354076,12.271467238711352,];
Targets_y = [
20.58971262801377,20.678543818940046,20.826595803817174,20.923887108165,21.093089376596,21.313052325556303,21.296132098713205,21.549935501359705,21.80373890400621,22.40863701364704,];
center_x = [10.249500131];
center_y = [21.672607146];
image_corners_x = [12.48720013096088,8.01180013096088,8.01180013096088,12.48720013096088,12.48720013096088];
image_corners_y = [22.941624159204697,22.941624159204697,20.40359013273967,20.40359013273967,22.941624159204697];
