Targets_x = [12.003403130051778,11.63538819621435,10.535573451412837,11.394274963700171,11.66922864990055,11.203922411715295,11.576167402263499,];
Targets_y = [
21.232991888571974,21.28798262581205,21.541786028458553,21.567166368723203,21.84212005492358,22.146684138099385,22.870023835641916,];
center_x = [9.87568460453];
center_y = [22.4723985048];
image_corners_x = [12.11338460453193,7.63798460453193,7.63798460453193,12.11338460453193,12.11338460453193];
image_corners_y = [23.741415518061576,23.741415518061576,21.20338149159655,21.20338149159655,23.741415518061576];
