Targets_x = [11.55955665344372,13.02738633208266,12.54938992376508,11.157701265920089,12.257516010721602,12.604380661005155,12.024862891628974,12.469018846260354,];
Targets_y = [
21.383143311962467,21.649636884741295,21.691937451849043,21.82306920988307,21.96266108133865,22.28414539135755,22.559099077557928,23.379730079448287,];
center_x = [13.0400765022];
center_y = [22.5506389641];
image_corners_x = [15.277776502214985,10.802376502214985,10.802376502214985,15.277776502214985,15.277776502214985];
image_corners_y = [23.819655977368893,23.819655977368893,21.281621950903865,21.281621950903865,23.819655977368893];
