Targets_x = [12.229040787281843,11.12922604248033,12.457463849663695,11.949857044370688,11.691823585013411,12.11059919938014,11.531081430003958,12.13597953964479,];
Targets_y = [
21.131532888116865,21.376876177341817,21.592609069591344,21.702590544071498,22.019844797379626,22.286338370158454,22.641663133863556,23.37346294482764,];
center_x = [13.2400243412];
center_y = [22.1594366688];
image_corners_x = [15.477724341157078,11.002324341157077,11.002324341157077,15.477724341157078,15.477724341157078];
image_corners_y = [23.428453682067715,23.428453682067715,20.890419655602688,20.890419655602688,23.428453682067715];
