
Targets1_x = [10.535573451412837,11.394274963700171,11.63538819621435,11.203922411715295,12.003403130051778,11.66922864990055,11.576167402263499,]
Targets1_y = [21.541786028458553,21.567166368723203,21.28798262581205,22.146684138099385,21.232991888571974,21.84212005492358,22.870023835641916,]
Targets2_x = [12.13597953964479,12.11059919938014,12.457463849663695,11.531081430003958,11.691823585013411,11.949857044370688,12.229040787281843,11.12922604248033,]
Targets2_y = [
23.37346294482764,22.286338370158454,21.592609069591344,22.641663133863556,22.019844797379626,21.702590544071498,21.131532888116865,21.376876177341817,]
center1_x = [9.87568460453,13.2400243412]
center1_y = [22.4723985048,22.1594366688]
image_corners1_x = [12.11338460453193,7.63798460453193,7.63798460453193,12.11338460453193,]
image_corners1_y = [23.741415518061576,23.741415518061576,21.20338149159655,21.20338149159655,]
image_corners2_x = [15.477724341157078,11.002324341157077,11.002324341157077,15.477724341157078,]
image_corners2_y = [23.428453682067715,23.428453682067715,20.890419655602688,20.890419655602688,]