
Targets1_x = [11.387385386159368,11.759630376707573,11.484676690507195,12.415289166877704,12.220706558182052,12.013433779354076,12.415289166877706,12.271467238711352,]
Targets1_y = [20.826595803817174,20.923887108165,21.296132098713205,21.093089376596,21.313052325556303,21.80373890400621,21.549935501359705,22.40863701364704,]
Targets2_x = [12.13597953964479,12.11059919938014,11.531081430003958,12.457463849663695,11.691823585013411,11.949857044370688,12.229040787281843,]
Targets2_y = [
23.37346294482764,22.286338370158454,22.641663133863556,21.592609069591344,22.019844797379626,21.702590544071498,21.131532888116865,]
center1_x = [10.249500131,13.2400243412]
center1_y = [21.672607146,22.1594366688]
image_corners1_x = [12.48720013096088,8.01180013096088,8.01180013096088,12.48720013096088,]
image_corners1_y = [22.941624159204697,22.941624159204697,20.40359013273967,20.40359013273967,]
image_corners2_x = [15.477724341157078,11.002324341157077,11.002324341157077,15.477724341157078,]
image_corners2_y = [23.428453682067715,23.428453682067715,20.890419655602688,20.890419655602688,]