
Targets1_x = [10.535573451412837,11.63538819621435,11.394274963700171,11.203922411715295,11.66922864990055,11.576167402263499,]
Targets1_y = [21.541786028458553,21.28798262581205,21.567166368723203,22.146684138099385,21.84212005492358,22.870023835641916,]
Targets2_x = [12.469018846260354,12.604380661005155,13.02738633208266,12.024862891628974,12.54938992376508,12.257516010721602,11.157701265920089,11.55955665344372,]
Targets2_y = [
23.379730079448287,22.28414539135755,21.649636884741295,22.559099077557928,21.691937451849043,21.96266108133865,21.82306920988307,21.383143311962467,]
center1_x = [9.87568460453,13.0400765022]
center1_y = [22.4723985048,22.5506389641]
image_corners1_x = [12.11338460453193,7.63798460453193,7.63798460453193,12.11338460453193,]
image_corners1_y = [23.741415518061576,23.741415518061576,21.20338149159655,21.20338149159655,]
image_corners2_x = [15.277776502214985,10.802376502214985,10.802376502214985,15.277776502214985,]
image_corners2_y = [23.819655977368893,23.819655977368893,21.281621950903865,21.281621950903865,]