
Targets1_x = [12.604380661005155,12.024862891628974,13.02738633208266,12.257516010721602,12.54938992376508,11.157701265920089,11.55955665344372,]
Targets1_y = [22.28414539135755,22.559099077557928,21.649636884741295,21.96266108133865,21.691937451849043,21.82306920988307,21.383143311962467,]
Targets2_x = [10.304490868200956,11.387385386159368,12.275697295422129,11.759630376707573,11.484676690507195,12.415289166877704,]
Targets2_y = [
20.678543818940046,20.826595803817174,20.58971262801377,20.923887108165,21.296132098713205,21.093089376596,]
center1_x = [13.0400765022,10.249500131]
center1_y = [22.5506389641,21.672607146]
image_corners1_x = [15.277776502214985,10.802376502214985,10.802376502214985,15.277776502214985,]
image_corners1_y = [23.819655977368893,23.819655977368893,21.281621950903865,21.281621950903865,]
image_corners2_x = [12.48720013096088,8.01180013096088,8.01180013096088,12.48720013096088,]
image_corners2_y = [22.941624159204697,22.941624159204697,20.40359013273967,20.40359013273967,]