
Targets1_x = [12.604380661005155,12.257516010721602,12.469018846260354,12.024862891628974,11.157701265920089,]
Targets1_y = [22.28414539135755,21.96266108133865,23.379730079448287,22.559099077557928,21.82306920988307,]
Targets2_x = [11.531081430003958,11.12922604248033,11.691823585013411,12.13597953964479,12.11059919938014,11.949857044370688,]
Targets2_y = [
22.641663133863556,21.376876177341817,22.019844797379626,23.37346294482764,22.286338370158454,21.702590544071498,]
center1_x = [13.0400765022,13.2400243412]
center1_y = [22.5506389641,22.1594366688]
image_corners1_x = [15.277776502214985,10.802376502214985,10.802376502214985,15.277776502214985,]
image_corners1_y = [23.819655977368893,23.819655977368893,21.281621950903865,21.281621950903865,]
image_corners2_x = [15.477724341157078,11.002324341157077,11.002324341157077,15.477724341157078,]
image_corners2_y = [23.428453682067715,23.428453682067715,20.890419655602688,20.890419655602688,]