
Targets1_x = [11.63538819621435,11.66922864990055,11.394274963700171,11.576167402263499,11.203922411715295,10.535573451412837,]
Targets1_y = [21.28798262581205,21.84212005492358,21.567166368723203,22.870023835641916,22.146684138099385,21.541786028458553,]
Targets2_x = [10.304490868200956,11.484676690507195,11.387385386159368,12.013433779354076,12.271467238711352,11.759630376707573,12.220706558182052,12.415289166877706,12.415289166877704,12.275697295422129,]
Targets2_y = [
20.678543818940046,21.296132098713205,20.826595803817174,21.80373890400621,22.40863701364704,20.923887108165,21.313052325556303,21.549935501359705,21.093089376596,20.58971262801377,]
center1_x = [9.87568460453,10.249500131]
center1_y = [22.4723985048,21.672607146]
image_corners1_x = [12.11338460453193,7.63798460453193,7.63798460453193,12.11338460453193,]
image_corners1_y = [23.741415518061576,23.741415518061576,21.20338149159655,21.20338149159655,]
image_corners2_x = [12.48720013096088,8.01180013096088,8.01180013096088,12.48720013096088,]
image_corners2_y = [22.941624159204697,22.941624159204697,20.40359013273967,20.40359013273967,]