Targets2_x = [9.475996808834648,10.704159892260977,10.569652391116357,11.272758708483357,11.578614556676591,10.949283008910525,11.44085297117229,11.65407666726146,11.617778709010809,11.43832105009804,]
Targets2_y = [
21.087599190502146,21.610846198772645,21.149474556179708,22.07597171445904,22.659808397606902,21.21709970832545,21.56927072297236,21.790474434166978,21.334051096871466,20.84223124024281,]
center2_x = [9.50003863109447]
center2_y = [22.085111761999407]
image_corners2_x = [11.831299238141272,7.369984874921345,7.16877802404767,11.630092387267597,11.831299238141272]
image_corners2_y = [23.17273736481747,23.527532111858047,20.997486159181342,20.642691412140763,23.17273736481747]