Targets2_x = [11.905357020953074,11.690025698478,11.90678584698639,11.186987472535403,11.23478886440536,11.430889047187737,11.603129950894433,10.573256096707413,]
Targets2_y = [
23.327226463542107,22.2711726062931,21.533626146601488,22.719385391632965,22.08461613514099,21.72989765705554,21.123883289002112,21.556015679814717,]
center2_x = [12.769547611275108]
center2_y = [21.949390710022545]
image_corners2_x = [15.196417037486164,10.791572854025178,10.342678185064052,14.747522368525038,15.196417037486164]
image_corners2_y = [22.802625881587566,23.594176814522353,21.096155538457523,20.304604605522737,22.802625881587566]