Targets2_x = [11.986355486453034,11.787782866653172,12.242924486796193,12.469358632124049,12.61503108054406,12.547827745769606,]
Targets2_y = [
22.552771467748496,21.239387504848764,21.963342882243296,23.371182303163277,22.29255568059963,21.6902628908627,]
center2_x = [13.751419070567604]
center2_y = [22.344517054106927]
image_corners2_x = [15.76224314456065,11.34229604453531,11.740594996574556,16.160542096599897,15.76224314456065]
image_corners2_y = [23.948977092039804,23.246643273277265,20.74005701617405,21.44239083493659,23.948977092039804]