Targets2_x = [11.69432268550712,11.75602761859405,12.132354288876535,11.20136006136303,11.662717585467503,11.392059650956298,10.295892813465125,10.664117390299996,]
Targets2_y = [
22.951947435494105,21.86023959458021,21.20530470547816,22.170111392487108,21.278558742078175,21.565325982772578,21.499718637007934,21.038487620519504,]
center2_x = [12.204172588062042]
center2_y = [22.09495991528505]
image_corners2_x = [14.521217974510082,10.055700406416854,9.887127201614001,14.352644769707231,14.521217974510082]
image_corners2_y = [23.21254935108579,23.509800102221487,20.977370479484307,20.68011972834861,23.21254935108579]