Targets2_x = [10.37937083113748,11.462265349095892,12.350577258358653,11.834510339644098,11.55955665344372,12.490169129814229,]
Targets2_y = [
20.765555032189308,20.913607017066436,20.676723841263033,21.010898321414263,21.383143311962467,21.180100589845264,]
center2_x = [10.324380093897405]
center2_y = [21.759618359221445]
image_corners2_x = [12.562080093897405,8.086680093897405,8.086680093897405,12.562080093897405,12.562080093897405]
image_corners2_y = [23.02863537245396,23.02863537245396,20.49060134598893,20.49060134598893,23.02863537245396]