Targets2_x = [12.961080229884217,12.503249563293283,12.119517641130885,12.540528900049406,12.016673332348892,12.12392164375099,12.148851466438833,]
Targets2_y = [
22.814452364587208,21.83816261859753,22.392360083395648,21.069952669250338,21.763841702681134,21.37276811613304,20.7429379185942,]
center2_x = [13.477318240342635]
center2_y = [21.271294648569615]
image_corners2_x = [16.036769843380476,11.941543615224653,10.917866637304792,15.013092865460615,16.036769843380476]
image_corners2_y = [21.529970046666502,23.335053784398525,21.012619250472728,19.207535512740705,21.529970046666502]