Targets_x = [15.312193579797551,15.712188453373319,15.060637946572541,11.485974495130042,14.37591890175442,13.914583665009344,13.613255494749694,15.733600698895225,12.395457156806003,12.03260628227463,15.11572629340178,14.694449804872562,15.392025314058946,11.702085035024684,13.430945561472488,11.330444327703297,12.995329378722293,12.257877462422458,13.830153234846293,14.396817458727988,15.356586345986932,13.486912279054891,14.149100530703215,13.093436808214463,12.287337925808021,12.759265322125044,11.76794788252828,];
Targets_y = [
21.25512400612884,21.37970435505896,21.39176749396691,21.089180603441335,21.481313017047082,21.461183284500418,21.499387995400387,21.721878473736425,21.391679031882834,21.364288281674472,21.737272754554628,21.784866032085805,21.9091272840867,21.654647359640645,21.83841331327002,21.673144855991083,21.85908394386557,21.837145759278616,22.01392420689992,22.129486796662007,22.22442434110415,22.218011067903856,22.31326770927522,22.285357145260164,22.22687369547001,22.31181168892305,22.23500695862652,];
center_x = [13.4747457191];
center_y = [22.2550638964];
image_corners_x = [15.576660096391914,11.122995698497341,11.37283134176614,15.82649573966071,15.576660096391914];
image_corners_y = [23.73818945423729,23.297645936606642,20.77193833855679,21.212481856187438,23.73818945423729];
