Targets_x = [11.299175740490261,10.030166598136708,10.643744492312434,9.505836497952547,11.003595049807954,11.7313837667955,12.031760625560143,13.309289422295123,13.06409663835444,10.225910071896099,9.28696249341927,10.725381431766706,11.453125453679952,11.127502497291143,12.887493141850083,12.515354748599744,11.893540268846502,9.786999990897703,10.387828200217493,13.217927164679324,12.91828032546161,11.89899196468526,10.071633698054244,12.575871332397659,9.183386891839158,11.484523469973603,12.296823406302781,10.727556592049389,];
Targets_y = [
20.917618418769592,20.922087926199765,20.983378121392857,20.97892571877289,21.066712370444545,21.12760030996893,21.139232617967323,21.151653435719,21.19481784523395,21.25134497873906,21.28849265803348,21.342647642922454,21.3908454910233,21.417372847444113,21.495775739964515,21.526697008798948,21.52888706743973,21.540536480248324,21.584951248617674,21.63420467369156,21.829843858944248,21.8757346679916,21.886400789165556,21.89450108306807,21.906449566264726,21.898344859458017,21.933554648973313,21.960232092201185,];
center_x = [11.2057724078];
center_y = [20.8206554817];
image_corners_x = [13.447928036261626,8.972555794228091,8.96361677936775,13.438989021401285,13.447928036261626];
image_corners_y = [22.081783392652387,22.097545855522785,19.55952757081568,19.54376510794528,22.081783392652387];
