Targets_x = [10.13647306806908,9.72990639531614,9.169610884398535,8.035776929988893,10.23734625799154,9.530040291025593,7.71690840989921,7.117077932916524,8.173616002982326,5.9397535449778,8.701027034635947,9.919728331741299,6.632885753531078,9.14857309895162,7.461365701686375,7.955698422417798,10.128600465593902,5.774478072422329,9.415826710351071,6.30116196418339,7.743112839499697,8.813291359743824,7.023814533798757,5.771365826906408,];
Targets_y = [
20.712955355693783,20.757550738144385,20.760429734852227,20.718480100301385,20.996632040498817,21.03469301820384,20.943891389615086,20.909736607936726,21.017774969016738,20.88135952824898,21.109913710638054,21.26032770203816,21.024637911353935,21.246725584312657,21.119093863283386,21.20016123772048,21.573660538535734,21.258793503256257,21.573107521726453,21.414519783727858,21.531467800889338,21.62784344552303,21.560105522853483,21.678603108583626,];
center_x = [8.0413805089];
center_y = [20.6467877949];
image_corners_x = [10.173389679702717,5.711597964889666,5.9093713380897395,10.37116305290279,10.173389679702717];
image_corners_y = [22.08631631680204,21.737575935392577,19.20725927292771,19.555999654337175,22.08631631680204];
