Targets_x = [16.032689578176363,15.186033234315852,15.578884922759496,14.944069642378896,14.287811502318347,13.818258614999106,13.504849059513635,15.632043942469442,15.01422183926762,14.612006982679441,15.296825366928609,13.325236780589298,12.85546419704481,13.751684252323392,15.26557994665363,14.326620636165316,];
Targets_y = [
21.048029577104423,21.15735706821553,21.25268696061341,21.304015178446296,21.405981178131793,21.40750157762966,21.47337496685907,21.570253270299727,21.60898917207161,21.670119950499522,21.75021423552061,21.81074861988182,21.850338895863008,21.948573660572496,22.033452441165647,22.01111332250584,];
center_x = [14.5874989133];
center_y = [20.785881944];
image_corners_x = [16.817838445767514,12.342512965840093,12.357159380856608,16.832484860784028,16.817838445767514];
image_corners_y = [22.067791082672954,22.041964570860504,19.5039728053062,19.529799317118655,22.067791082672954];
