Targets_x = [9.753857671446335,10.234175757589384,8.576071240412974,6.322792808791182,8.961868078820768,7.184720600722894,7.714061668157393,9.965414181707626,9.22663470299264,5.9881166055746755,8.602069079889468,7.488291803200262,6.744724109337559,];
Targets_y = [
21.10799899980944,21.185497755835048,20.947469074515148,20.628273806755228,21.028492545388403,20.78619495112551,20.90919197359492,21.42041470438731,21.387007598938666,21.02466523478693,21.42127747824859,21.261389525644823,21.231568470286724,];
center_x = [7.90228636039];
center_y = [22.0985829784];
image_corners_x = [9.936954757334561,5.506968446292532,5.867617963443893,10.297604274485922,9.936954757334561];
image_corners_y = [23.6726954217616,23.03675010651803,20.52447053503862,21.160415850282188,23.6726954217616];
