Targets_x = [15.212761699173988,15.695166341222778,14.912606884047282,15.79308336732335,15.027450992103626,14.519893000053644,15.38730794624972,15.34557138810793,15.98888303214297,];
Targets_y = [
21.139752783423333,21.248950080241293,21.250222413357434,21.63372655019426,21.63920142452506,21.669637079520545,21.824739088313436,22.171672054905606,22.38212923450086,];
center_x = [16.6826045383];
center_y = [22.3767712773];
image_corners_x = [18.92236482362592,14.446970738806053,14.442844253023969,18.91823833784384,18.92236482362592];
image_corners_y = [23.64214842826295,23.649424798192022,21.111394126271495,21.10411775634242,23.64214842826295];
