Targets_x = [9.087534274447059,12.573139869374732,10.19588031379383,12.873550697427559,11.084264934359004,9.26980412384756,11.566961389986387,9.744056303080473,12.282198899029783,11.952304105379545,10.674930534576891,11.237887061386875,12.718538614444865,13.306607076001526,10.092449023273003,9.356471610333662,10.938628040039875,12.301122836271489,12.71992709376148,11.556685368763626,13.096699307367748,];
Targets_y = [
20.96254017421584,20.96645906793367,20.979556429035405,20.986488953997256,20.9973931489057,21.06338236755386,21.122495255591566,21.192746057872093,21.21711937171472,21.231040151143592,21.261185323413,21.35637745380204,21.388925338442036,21.412112335954316,21.601764894173154,21.617200378311065,21.645139559489543,21.754269724119716,21.761167739457047,21.76973676460573,21.84013400036735,];
center_x = [11.1014517958];
center_y = [22.2029035904];
image_corners_x = [13.343869681406792,8.868500814658143,8.859033910226676,13.334402776975326,13.343869681406792];
image_corners_y = [23.46356512160277,23.48025842975025,20.94224205919336,20.92554875104588,23.46356512160277];
