
Targets1_x = [13.306607076001526,13.096699307367748,12.71992709376148,12.718538614444865,12.573139869374732,12.301122836271489,12.282198899029783,11.952304105379545,11.556685368763626,11.566961389986387,11.237887061386875,11.084264934359004,10.938628040039875,10.674930534576891,]
Targets1_y = [21.412112335954316,21.84013400036735,21.761167739457047,21.388925338442036,20.96645906793367,21.754269724119716,21.21711937171472,21.231040151143592,21.76973676460573,21.122495255591566,21.35637745380204,20.9973931489057,21.645139559489543,21.261185323413,]
Targets2_x = [11.330444327703297,11.485974495130042,11.702085035024684,11.76794788252828,12.03260628227463,12.257877462422458,12.287337925808021,12.395457156806003,12.759265322125044,12.995329378722293,13.093436808214463,13.430945561472488,13.486912279054891,13.613255494749694,13.830153234846293,13.914583665009344,14.149100530703215,]
Targets2_y = [
21.673144855991083,21.089180603441335,21.654647359640645,22.23500695862652,21.364288281674472,21.837145759278616,22.22687369547001,21.391679031882834,22.31181168892305,21.85908394386557,22.285357145260164,21.83841331327002,22.218011067903856,21.499387995400387,22.01392420689992,21.461183284500418,22.31326770927522,]
center1_x = [11.1014517958,13.4747457191]
center1_y = [22.2029035904,22.2550638964]
image_corners1_x = [13.343869681406792,8.868500814658143,8.859033910226676,13.334402776975326,]
image_corners1_y = [23.46356512160277,23.48025842975025,20.94224205919336,20.92554875104588,]
image_corners2_x = [15.576660096391914,11.122995698497341,11.37283134176614,15.82649573966071,]
image_corners2_y = [23.73818945423729,23.297645936606642,20.77193833855679,21.212481856187438,]