
Targets1_x = [14.519893000053644,14.912606884047282,15.212761699173988,15.027450992103626,15.695166341222778,15.38730794624972,15.34557138810793,15.79308336732335,15.98888303214297,]
Targets1_y = [21.669637079520545,21.250222413357434,21.139752783423333,21.63920142452506,21.248950080241293,21.824739088313436,22.171672054905606,21.63372655019426,22.38212923450086,]
Targets2_x = [16.032689578176363,15.632043942469442,15.26557994665363,15.296825366928609,15.578884922759496,15.01422183926762,15.186033234315852,14.944069642378896,14.612006982679441,14.326620636165316,14.287811502318347,13.751684252323392,13.818258614999106,]
Targets2_y = [
21.048029577104423,21.570253270299727,22.033452441165647,21.75021423552061,21.25268696061341,21.60898917207161,21.15735706821553,21.304015178446296,21.670119950499522,22.01111332250584,21.405981178131793,21.948573660572496,21.40750157762966,]
center1_x = [16.6826045383,14.5874989133]
center1_y = [22.3767712773,20.785881944]
image_corners1_x = [18.92236482362592,14.446970738806053,14.442844253023969,18.91823833784384,]
image_corners1_y = [23.64214842826295,23.649424798192022,21.111394126271495,21.10411775634242,]
image_corners2_x = [16.817838445767514,12.342512965840093,12.357159380856608,16.832484860784028,]
image_corners2_y = [22.067791082672954,22.041964570860504,19.5039728053062,19.529799317118655,]