
Targets1_x = [12.873550697427559,12.573139869374732,11.084264934359004,10.19588031379383,11.566961389986387,9.087534274447059,12.282198899029783,11.952304105379545,9.26980412384756,13.306607076001526,12.718538614444865,10.674930534576891,9.744056303080473,11.237887061386875,12.71992709376148,10.938628040039875,12.301122836271489,10.092449023273003,13.096699307367748,11.556685368763626,9.356471610333662,]
Targets1_y = [20.986488953997256,20.96645906793367,20.9973931489057,20.979556429035405,21.122495255591566,20.96254017421584,21.21711937171472,21.231040151143592,21.06338236755386,21.412112335954316,21.388925338442036,21.261185323413,21.192746057872093,21.35637745380204,21.761167739457047,21.645139559489543,21.754269724119716,21.601764894173154,21.84013400036735,21.76973676460573,21.617200378311065,]
Targets2_x = [9.183386891839158,10.727556592049389,10.071633698054244,11.484523469973603,12.296823406302781,11.89899196468526,12.575871332397659,12.91828032546161,9.786999990897703,10.387828200217493,13.217927164679324,11.893540268846502,9.28696249341927,12.515354748599744,11.127502497291143,10.725381431766706,11.453125453679952,12.887493141850083,10.225910071896099,9.505836497952547,11.7313837667955,11.003595049807954,12.031760625560143,13.06409663835444,10.643744492312434,10.030166598136708,13.309289422295123,11.299175740490261,]
Targets2_y = [
21.906449566264726,21.960232092201185,21.886400789165556,21.898344859458017,21.933554648973313,21.8757346679916,21.89450108306807,21.829843858944248,21.540536480248324,21.584951248617674,21.63420467369156,21.52888706743973,21.28849265803348,21.526697008798948,21.417372847444113,21.342647642922454,21.3908454910233,21.495775739964515,21.25134497873906,20.97892571877289,21.12760030996893,21.066712370444545,21.139232617967323,21.19481784523395,20.983378121392857,20.922087926199765,21.151653435719,20.917618418769592,]
center1_x = [11.1014517958,11.2057724078]
center1_y = [22.2029035904,20.8206554817]
image_corners1_x = [13.343869681406792,8.868500814658143,8.859033910226676,13.334402776975326,]
image_corners1_y = [23.46356512160277,23.48025842975025,20.94224205919336,20.92554875104588,]
image_corners2_x = [13.447928036261626,8.972555794228091,8.96361677936775,13.438989021401285,]
image_corners2_y = [22.081783392652387,22.097545855522785,19.55952757081568,19.54376510794528,]