
Targets1_x = [15.712188453373319,15.733600698895225,15.312193579797551,15.392025314058946,15.356586345986932,15.060637946572541,15.11572629340178,]
Targets1_y = [21.37970435505896,21.721878473736425,21.25512400612884,21.9091272840867,22.22442434110415,21.39176749396691,21.737272754554628,]
Targets2_x = [15.746883579867177,16.123462351985587,16.022115437004683,16.584834343066525,]
Targets2_y = [
21.99030640470613,21.791690278662827,21.457462851961502,21.225103428979875,]
center1_x = [13.4747457191,17.9344518823]
center1_y = [22.2550638964,20.785881944]
image_corners1_x = [15.576660096391914,11.122995698497341,11.37283134176614,15.82649573966071,]
image_corners1_y = [23.73818945423729,23.297645936606642,20.77193833855679,21.212481856187438,]
image_corners2_x = [20.17148917651638,15.696089786206114,15.697414588084392,20.172813978394657,]
image_corners2_y = [22.05606681799822,22.053730750686192,19.515697069980938,19.518033137292967,]