
Targets1_x = [15.712188453373319,15.312193579797551,15.733600698895225,15.060637946572541,15.392025314058946,15.11572629340178,14.37591890175442,15.356586345986932,14.694449804872562,13.914583665009344,13.613255494749694,14.396817458727988,13.830153234846293,14.149100530703215,13.430945561472488,13.486912279054891,12.395457156806003,12.995329378722293,12.03260628227463,13.093436808214463,12.257877462422458,12.759265322125044,12.287337925808021,]
Targets1_y = [21.37970435505896,21.25512400612884,21.721878473736425,21.39176749396691,21.9091272840867,21.737272754554628,21.481313017047082,22.22442434110415,21.784866032085805,21.461183284500418,21.499387995400387,22.129486796662007,22.01392420689992,22.31326770927522,21.83841331327002,22.218011067903856,21.391679031882834,21.85908394386557,21.364288281674472,22.285357145260164,21.837145759278616,22.31181168892305,22.22687369547001,]
Targets2_x = [12.85546419704481,13.325236780589298,13.751684252323392,13.504849059513635,14.326620636165316,13.818258614999106,14.612006982679441,14.287811502318347,15.26557994665363,15.01422183926762,15.296825366928609,14.944069642378896,15.632043942469442,15.186033234315852,15.578884922759496,16.032689578176363,]
Targets2_y = [
21.850338895863008,21.81074861988182,21.948573660572496,21.47337496685907,22.01111332250584,21.40750157762966,21.670119950499522,21.405981178131793,22.033452441165647,21.60898917207161,21.75021423552061,21.304015178446296,21.570253270299727,21.15735706821553,21.25268696061341,21.048029577104423,]
center1_x = [13.4747457191,14.5874989133]
center1_y = [22.2550638964,20.785881944]
image_corners1_x = [15.576660096391914,11.122995698497341,11.37283134176614,15.82649573966071,]
image_corners1_y = [23.73818945423729,23.297645936606642,20.77193833855679,21.212481856187438,]
image_corners2_x = [16.817838445767514,12.342512965840093,12.357159380856608,16.832484860784028,]
image_corners2_y = [22.067791082672954,22.041964570860504,19.5039728053062,19.529799317118655,]