
Targets1_x = [9.087534274447059,9.26980412384756,9.356471610333662,9.744056303080473,10.19588031379383,10.092449023273003,10.674930534576891,11.084264934359004,10.938628040039875,]
Targets1_y = [20.96254017421584,21.06338236755386,21.617200378311065,21.192746057872093,20.979556429035405,21.601764894173154,21.261185323413,20.9973931489057,21.645139559489543,]
Targets2_x = [10.128600465593902,10.23734625799154,9.919728331741299,10.13647306806908,9.415826710351071,9.72990639531614,9.530040291025593,9.14857309895162,8.813291359743824,9.169610884398535,8.701027034635947,8.173616002982326,7.955698422417798,]
Targets2_y = [
21.573660538535734,20.996632040498817,21.26032770203816,20.712955355693783,21.573107521726453,20.757550738144385,21.03469301820384,21.246725584312657,21.62784344552303,20.760429734852227,21.109913710638054,21.017774969016738,21.20016123772048,]
center1_x = [11.1014517958,8.0413805089]
center1_y = [22.2029035904,20.6467877949]
image_corners1_x = [13.343869681406792,8.868500814658143,8.859033910226676,13.334402776975326,]
image_corners1_y = [23.46356512160277,23.48025842975025,20.94224205919336,20.92554875104588,]
image_corners2_x = [10.173389679702717,5.711597964889666,5.9093713380897395,10.37116305290279,]
image_corners2_y = [22.08631631680204,21.737575935392577,19.20725927292771,19.555999654337175,]