
Targets1_x = [13.309289422295123,13.217927164679324,13.06409663835444,12.91828032546161,12.887493141850083,12.575871332397659,12.515354748599744,12.296823406302781,12.031760625560143,11.89899196468526,11.893540268846502,11.7313837667955,11.484523469973603,11.453125453679952,]
Targets1_y = [21.151653435719,21.63420467369156,21.19481784523395,21.829843858944248,21.495775739964515,21.89450108306807,21.526697008798948,21.933554648973313,21.139232617967323,21.8757346679916,21.52888706743973,21.12760030996893,21.898344859458017,21.3908454910233,]
Targets2_x = [12.85546419704481,13.325236780589298,13.504849059513635,13.751684252323392,13.818258614999106,14.287811502318347,14.326620636165316,]
Targets2_y = [
21.850338895863008,21.81074861988182,21.47337496685907,21.948573660572496,21.40750157762966,21.405981178131793,22.01111332250584,]
center1_x = [11.2057724078,14.5874989133]
center1_y = [20.8206554817,20.785881944]
image_corners1_x = [13.447928036261626,8.972555794228091,8.96361677936775,13.438989021401285,]
image_corners1_y = [22.081783392652387,22.097545855522785,19.55952757081568,19.54376510794528,]
image_corners2_x = [16.817838445767514,12.342512965840093,12.357159380856608,16.832484860784028,]
image_corners2_y = [22.067791082672954,22.041964570860504,19.5039728053062,19.529799317118655,]