
Targets1_x = [15.733600698895225,15.712188453373319,15.392025314058946,15.356586345986932,15.312193579797551,15.11572629340178,15.060637946572541,14.694449804872562,14.396817458727988,14.37591890175442,14.149100530703215,13.914583665009344,13.830153234846293,13.613255494749694,]
Targets1_y = [21.721878473736425,21.37970435505896,21.9091272840867,22.22442434110415,21.25512400612884,21.737272754554628,21.39176749396691,21.784866032085805,22.129486796662007,21.481313017047082,22.31326770927522,21.461183284500418,22.01392420689992,21.499387995400387,]
Targets2_x = [14.519893000053644,14.912606884047282,15.027450992103626,15.212761699173988,15.34557138810793,15.38730794624972,15.695166341222778,15.79308336732335,15.98888303214297,]
Targets2_y = [
21.669637079520545,21.250222413357434,21.63920142452506,21.139752783423333,22.171672054905606,21.824739088313436,21.248950080241293,21.63372655019426,22.38212923450086,]
center1_x = [13.4747457191,16.6826045383]
center1_y = [22.2550638964,22.3767712773]
image_corners1_x = [15.576660096391914,11.122995698497341,11.37283134176614,15.82649573966071,]
image_corners1_y = [23.73818945423729,23.297645936606642,20.77193833855679,21.212481856187438,]
image_corners2_x = [18.92236482362592,14.446970738806053,14.442844253023969,18.91823833784384,]
image_corners2_y = [23.64214842826295,23.649424798192022,21.111394126271495,21.10411775634242,]