
Targets1_x = [10.234175757589384,9.965414181707626,9.753857671446335,9.22663470299264,8.961868078820768,8.576071240412974,8.602069079889468,]
Targets1_y = [21.185497755835048,21.42041470438731,21.10799899980944,21.387007598938666,21.028492545388403,20.947469074515148,21.42127747824859,]
Targets2_x = [9.183386891839158,9.28696249341927,9.505836497952547,9.786999990897703,10.071633698054244,10.030166598136708,10.225910071896099,10.387828200217493,10.727556592049389,10.725381431766706,10.643744492312434,11.127502497291143,]
Targets2_y = [
21.906449566264726,21.28849265803348,20.97892571877289,21.540536480248324,21.886400789165556,20.922087926199765,21.25134497873906,21.584951248617674,21.960232092201185,21.342647642922454,20.983378121392857,21.417372847444113,]
center1_x = [7.90228636039,11.2057724078]
center1_y = [22.0985829784,20.8206554817]
image_corners1_x = [9.936954757334561,5.506968446292532,5.867617963443893,10.297604274485922,]
image_corners1_y = [23.6726954217616,23.03675010651803,20.52447053503862,21.160415850282188,]
image_corners2_x = [13.447928036261626,8.972555794228091,8.96361677936775,13.438989021401285,]
image_corners2_y = [22.081783392652387,22.097545855522785,19.55952757081568,19.54376510794528,]