
Targets1_x = [15.695166341222778,15.212761699173988,15.79308336732335,15.38730794624972,15.98888303214297,15.34557138810793,]
Targets1_y = [21.248950080241293,21.139752783423333,21.63372655019426,21.824739088313436,22.38212923450086,22.171672054905606,]
Targets2_x = [15.746883579867177,16.123462351985587,16.022115437004683,16.584834343066525,]
Targets2_y = [
21.99030640470613,21.791690278662827,21.457462851961502,21.225103428979875,]
center1_x = [16.6826045383,17.9344518823]
center1_y = [22.3767712773,20.785881944]
image_corners1_x = [18.92236482362592,14.446970738806053,14.442844253023969,18.91823833784384,]
image_corners1_y = [23.64214842826295,23.649424798192022,21.111394126271495,21.10411775634242,]
image_corners2_x = [20.17148917651638,15.696089786206114,15.697414588084392,20.172813978394657,]
image_corners2_y = [22.05606681799822,22.053730750686192,19.515697069980938,19.518033137292967,]