
Targets1_x = [16.032689578176363,15.632043942469442,15.578884922759496,15.296825366928609,15.26557994665363,15.186033234315852,15.01422183926762,14.944069642378896,]
Targets1_y = [21.048029577104423,21.570253270299727,21.25268696061341,21.75021423552061,22.033452441165647,21.15735706821553,21.60898917207161,21.304015178446296,]
Targets2_x = [15.746883579867177,16.022115437004683,16.123462351985587,16.584834343066525,]
Targets2_y = [
21.99030640470613,21.457462851961502,21.791690278662827,21.225103428979875,]
center1_x = [14.5874989133,17.9344518823]
center1_y = [20.785881944,20.785881944]
image_corners1_x = [16.817838445767514,12.342512965840093,12.357159380856608,16.832484860784028,]
image_corners1_y = [22.067791082672954,22.041964570860504,19.5039728053062,19.529799317118655,]
image_corners2_x = [20.17148917651638,15.696089786206114,15.697414588084392,20.172813978394657,]
image_corners2_y = [22.05606681799822,22.053730750686192,19.515697069980938,19.518033137292967,]