
Targets1_x = [6.322792808791182,7.184720600722894,8.576071240412974,8.961868078820768,7.714061668157393,9.753857671446335,5.9881166055746755,9.965414181707626,9.22663470299264,7.488291803200262,6.744724109337559,8.602069079889468,]
Targets1_y = [20.628273806755228,20.78619495112551,20.947469074515148,21.028492545388403,20.90919197359492,21.10799899980944,21.02466523478693,21.42041470438731,21.387007598938666,21.261389525644823,21.231568470286724,21.42127747824859,]
Targets2_x = [5.771365826906408,7.023814533798757,6.30116196418339,7.743112839499697,8.813291359743824,5.774478072422329,9.415826710351071,10.128600465593902,7.955698422417798,7.461365701686375,6.632885753531078,9.14857309895162,5.9397535449778,9.919728331741299,8.701027034635947,8.173616002982326,7.117077932916524,7.71690840989921,9.530040291025593,10.23734625799154,8.035776929988893,9.169610884398535,9.72990639531614,10.13647306806908,]
Targets2_y = [
21.678603108583626,21.560105522853483,21.414519783727858,21.531467800889338,21.62784344552303,21.258793503256257,21.573107521726453,21.573660538535734,21.20016123772048,21.119093863283386,21.024637911353935,21.246725584312657,20.88135952824898,21.26032770203816,21.109913710638054,21.017774969016738,20.909736607936726,20.943891389615086,21.03469301820384,20.996632040498817,20.718480100301385,20.760429734852227,20.757550738144385,20.712955355693783,]
center1_x = [7.90228636039,8.0413805089]
center1_y = [22.0985829784,20.6467877949]
image_corners1_x = [9.936954757334561,5.506968446292532,5.867617963443893,10.297604274485922,]
image_corners1_y = [23.6726954217616,23.03675010651803,20.52447053503862,21.160415850282188,]
image_corners2_x = [10.173389679702717,5.711597964889666,5.9093713380897395,10.37116305290279,]
image_corners2_y = [22.08631631680204,21.737575935392577,19.20725927292771,19.555999654337175,]