
Targets1_x = [13.306607076001526,12.873550697427559,13.096699307367748,12.573139869374732,12.718538614444865,12.71992709376148,12.282198899029783,12.301122836271489,11.952304105379545,11.566961389986387,11.556685368763626,]
Targets1_y = [21.412112335954316,20.986488953997256,21.84013400036735,20.96645906793367,21.388925338442036,21.761167739457047,21.21711937171472,21.754269724119716,21.231040151143592,21.122495255591566,21.76973676460573,]
Targets2_x = [12.85546419704481,13.325236780589298,13.504849059513635,13.751684252323392,13.818258614999106,]
Targets2_y = [
21.850338895863008,21.81074861988182,21.47337496685907,21.948573660572496,21.40750157762966,]
center1_x = [11.1014517958,14.5874989133]
center1_y = [22.2029035904,20.785881944]
image_corners1_x = [13.343869681406792,8.868500814658143,8.859033910226676,13.334402776975326,]
image_corners1_y = [23.46356512160277,23.48025842975025,20.94224205919336,20.92554875104588,]
image_corners2_x = [16.817838445767514,12.342512965840093,12.357159380856608,16.832484860784028,]
image_corners2_y = [22.067791082672954,22.041964570860504,19.5039728053062,19.529799317118655,]