
Targets1_x = [11.485974495130042,11.330444327703297,11.702085035024684,12.03260628227463,11.76794788252828,12.395457156806003,12.257877462422458,12.287337925808021,12.995329378722293,12.759265322125044,13.093436808214463,13.613255494749694,13.430945561472488,13.914583665009344,13.486912279054891,13.830153234846293,14.149100530703215,]
Targets1_y = [21.089180603441335,21.673144855991083,21.654647359640645,21.364288281674472,22.23500695862652,21.391679031882834,21.837145759278616,22.22687369547001,21.85908394386557,22.31181168892305,22.285357145260164,21.499387995400387,21.83841331327002,21.461183284500418,22.218011067903856,22.01392420689992,22.31326770927522,]
Targets2_x = [13.217927164679324,12.91828032546161,13.309289422295123,12.887493141850083,13.06409663835444,12.575871332397659,12.296823406302781,12.515354748599744,11.89899196468526,11.893540268846502,12.031760625560143,11.484523469973603,11.7313837667955,11.453125453679952,11.127502497291143,10.727556592049389,11.299175740490261,11.003595049807954,10.725381431766706,10.387828200217493,]
Targets2_y = [
21.63420467369156,21.829843858944248,21.151653435719,21.495775739964515,21.19481784523395,21.89450108306807,21.933554648973313,21.526697008798948,21.8757346679916,21.52888706743973,21.139232617967323,21.898344859458017,21.12760030996893,21.3908454910233,21.417372847444113,21.960232092201185,20.917618418769592,21.066712370444545,21.342647642922454,21.584951248617674,]
center1_x = [13.4747457191,11.2057724078]
center1_y = [22.2550638964,20.8206554817]
image_corners1_x = [15.576660096391914,11.122995698497341,11.37283134176614,15.82649573966071,]
image_corners1_y = [23.73818945423729,23.297645936606642,20.77193833855679,21.212481856187438,]
image_corners2_x = [13.447928036261626,8.972555794228091,8.96361677936775,13.438989021401285,]
image_corners2_y = [22.081783392652387,22.097545855522785,19.55952757081568,19.54376510794528,]