
Targets1_x = [10.23734625799154,10.128600465593902,10.13647306806908,9.919728331741299,9.72990639531614,9.530040291025593,9.415826710351071,9.14857309895162,9.169610884398535,8.813291359743824,8.701027034635947,8.173616002982326,8.035776929988893,]
Targets1_y = [20.996632040498817,21.573660538535734,20.712955355693783,21.26032770203816,20.757550738144385,21.03469301820384,21.573107521726453,21.246725584312657,20.760429734852227,21.62784344552303,21.109913710638054,21.017774969016738,20.718480100301385,]
Targets2_x = [9.183386891839158,9.28696249341927,9.505836497952547,9.786999990897703,10.030166598136708,10.071633698054244,10.225910071896099,10.387828200217493,10.643744492312434,10.725381431766706,10.727556592049389,11.003595049807954,11.127502497291143,]
Targets2_y = [
21.906449566264726,21.28849265803348,20.97892571877289,21.540536480248324,20.922087926199765,21.886400789165556,21.25134497873906,21.584951248617674,20.983378121392857,21.342647642922454,21.960232092201185,21.066712370444545,21.417372847444113,]
center1_x = [8.0413805089,11.2057724078]
center1_y = [20.6467877949,20.8206554817]
image_corners1_x = [10.173389679702717,5.711597964889666,5.9093713380897395,10.37116305290279,]
image_corners1_y = [22.08631631680204,21.737575935392577,19.20725927292771,19.555999654337175,]
image_corners2_x = [13.447928036261626,8.972555794228091,8.96361677936775,13.438989021401285,]
image_corners2_y = [22.081783392652387,22.097545855522785,19.55952757081568,19.54376510794528,]