
Targets1_x = [10.234175757589384,9.965414181707626,9.753857671446335,9.22663470299264,8.961868078820768,8.602069079889468,8.576071240412974,]
Targets1_y = [21.185497755835048,21.42041470438731,21.10799899980944,21.387007598938666,21.028492545388403,21.42127747824859,20.947469074515148,]
Targets2_x = [9.087534274447059,9.26980412384756,9.356471610333662,9.744056303080473,10.092449023273003,10.19588031379383,10.674930534576891,]
Targets2_y = [
20.96254017421584,21.06338236755386,21.617200378311065,21.192746057872093,21.601764894173154,20.979556429035405,21.261185323413,]
center1_x = [7.90228636039,11.1014517958]
center1_y = [22.0985829784,22.2029035904]
image_corners1_x = [9.936954757334561,5.506968446292532,5.867617963443893,10.297604274485922,]
image_corners1_y = [23.6726954217616,23.03675010651803,20.52447053503862,21.160415850282188,]
image_corners2_x = [13.343869681406792,8.868500814658143,8.859033910226676,13.334402776975326,]
image_corners2_y = [23.46356512160277,23.48025842975025,20.94224205919336,20.92554875104588,]