Targets2_x = [10.02191137337006,10.12953507071343,9.847062511222903,10.04806005051541,9.401285665469649,9.693047962821794,9.512804787556723,9.175894432463526,8.87540919063646,9.205113690719497,8.789266550144447,8.332095927398708,8.138258740389986,]
Targets2_y = [
21.610915139310006,21.1109130454741,21.333402697352096,20.861644219247125,21.59445594861933,20.89136137690532,21.12819903498671,21.30427248936001,21.628609977960956,20.881308544038685,21.17511313189364,21.083062032979797,21.236987531117016,]
center2_x = [7.982840547911733]
center2_y = [20.727825223451596]
image_corners2_x = [10.091464413296233,5.640125460596329,5.902952028255019,10.354290980954923,10.091464413296233]
image_corners2_y = [22.17604571008938,21.712594862451223,19.18820604239457,19.651656890032726,22.17604571008938]