Targets2_x = [9.733983224145925,9.965414181707626,10.234175757589384,10.367313945377568,10.551332767877234,10.726606199251417,10.832945491297345,10.90736641819501,11.13530303149134,11.269869370634744,11.274595677261427,11.621364550044945,]
Targets2_y = [
21.96306189458998,21.420414704387305,21.185497755835048,21.76164888461123,22.141117879068496,21.249417373803986,21.59403259697178,21.935148906841057,22.35372192876274,21.788032557199895,21.441180796743957,21.94533537162972,]
center2_x = [10.099794969648505]
center2_y = [21.302956230111178]
image_corners2_x = [13.815358263786305,9.461450528126708,10.048808980512776,14.402716716172373,13.815358263786305]
image_corners2_y = [23.176006581574857,22.140297843867423,19.6711630221323,20.70687175983974,23.176006581574857]