Targets2_x = [15.329019281394658,15.733600698895229,15.71218845337332,16.30221412192424,]
Targets2_y = [
21.826662263727275,21.721878473736425,21.37970435505896,21.2846817077621,]
center2_x = [15.722894576134273]
center2_y = [21.550791414397693]
image_corners2_x = [19.612683985689532,15.257641429252786,15.84228784945865,20.197330405895393,19.612683985689532]
image_corners2_y = [22.91279956023085,21.881873039267848,19.412094651874607,20.443021172837614,22.91279956023085]