Targets2_x = [12.838036116147812,13.328249462180345,13.759405351967631,13.541355938596427,14.35051343471286,13.871547185587653,14.673574512938616,14.358498980185274,15.322242656284825,15.095460819378836,15.377208912762358,15.0470305299582,15.739103255499485,15.309584573523193,15.709294903043416,16.196106885474315,]
Targets2_y = [
21.787069379485363,21.783458297633636,21.96033817784886,21.447983807938016,22.070995480011685,21.40466199601337,21.740197167124816,21.440504108755736,22.168981835225807,21.70886933016986,21.877811482141425,21.387083065151224,21.717942059453915,21.25431046748422,21.38445430798609,21.20842980447781,]
center2_x = [14.707839124152494]
center2_y = [20.911351789254766]
image_corners2_x = [16.87741343501628,12.41722825770519,12.626331385912463,17.08651656322355,16.87741343501628]
image_corners2_y = [22.294706785133272,21.92598826906112,19.396582686465038,19.765301202537195,22.294706785133272]