Targets2_x = [13.926544525060324,13.618740919358048,14.026949893345032,13.592606253336529,13.776895256724368,13.269474522836232,12.985049565536533,13.213625096269578,12.581311751257534,12.581143915244777,12.727768482215982,12.159405511241685,12.422435645973662,12.135338223747887,11.803736014297622,11.3885354179032,11.986092346344163,11.683145996241912,11.395897302416543,11.048815696568678,]
Targets2_y = [
22.13245800940111,22.32679719601451,21.64307172469043,21.98653937656132,21.68317307111366,22.38725175884854,22.422647121271336,22.012220227784077,22.357670974862796,22.0048079194042,21.610633344725663,22.374242401283862,21.59414547099746,21.85757826603464,21.879511186721025,22.42545283212978,21.373872583201628,21.5209336699314,21.797274244173174,22.038488139737957,]
center2_x = [11.884766882127254]
center2_y = [21.275689503457237]
image_corners2_x = [14.111813659978539,9.636720964444219,9.666463191832149,14.141555887366469,14.111813659978539]
image_corners2_y = [22.573868617933524,22.52142315697281,19.983563405252024,20.036008866212743,22.573868617933524]