Targets2_x = [12.453294750218914,12.862624029565993,13.048037858841582,13.218612355737577,13.324663010749733,13.730386858908497,13.709616170990913,]
Targets2_y = [
21.459630091969764,21.46758146899557,21.19228195350074,21.624892363413856,21.163501637729915,21.20431706162276,21.730496285385954,]
center2_x = [14.093006012809647]
center2_y = [20.502957193850676]
image_corners2_x = [16.259300440392018,11.810592087593456,12.08737271405432,16.536081066852887,16.259300440392018]
image_corners2_y = [22.105403134822332,21.617346630163013,19.0944496436988,19.58250614835812,22.105403134822332]