Targets2_x = [16.172102017339,15.688768262661434,15.247429323046454,15.297835684901617,15.644916694495599,14.983618606943843,15.202824705105904,14.919767687770946,14.52266919039807,14.180007501499745,14.167561000706236,13.528973206462254,13.633101547539706,]
Targets2_y = [
21.037268118524107,21.610588857235324,22.118527878846376,21.797823433481106,21.246392512021117,21.622286815635654,21.117308250456375,21.271530520357643,21.670773505487286,22.04388493313772,21.353173383880552,21.942573181165283,21.33029001748664,]
center2_x = [14.555216154612303]
center2_y = [20.761921970369567]
image_corners2_x = [16.751762617361823,12.282365222258587,12.41377289253576,16.883170287638997,16.751762617361823]
image_corners2_y = [22.130696420427572,21.89898089517216,19.36435099246711,19.596066517722527,22.130696420427572]