Targets2_x = [6.899050379784134,8.087198283841223,7.412335045186172,8.767598680140996,9.77296161672955,6.922959786235955,10.344449283429885,11.017232709878682,8.984815811946438,8.522248311163848,7.744936864280847,10.108484096494944,7.097823620156795,10.835723887743463,9.692864814878309,9.199626658893997,8.207722013497861,8.772215910377264,10.479155892207896,11.148707057970945,9.084467056357493,10.152635351844001,10.681660896442521,11.067660583438023,]
Targets2_y = [
21.415209969549988,21.365922392390896,21.192398910110747,21.374822943893488,21.519256080001956,21.01909307626502,21.49768875210064,21.533817486003095,21.072711313157644,20.97149463235317,20.840947647987665,21.17625519987601,20.671076850625496,21.227617873480426,21.024756651320942,20.91143690360135,20.75667634908731,20.818880816910134,20.995166801973028,20.994573347216203,20.622036667174054,20.718275184056466,20.743547251103898,20.72176227476816,]
center2_x = [9.108730878814857]
center2_y = [20.493874655245104]
image_corners2_x = [11.185442496606663,6.748316277332666,7.0795363706138446,11.51666258988784,11.185442496606663]
image_corners2_y = [22.081257705802916,21.497206274650438,18.98087760587502,19.564929037027497,22.081257705802916]