Targets2_x = [14.6102868080442,14.967907876399156,15.070496837981992,15.240422660470596,15.356792945265447,15.395977563589494,15.677287822502194,15.764549080235799,15.939122800359872,]
Targets2_y = [
21.757031752115594,21.37837002541322,21.731419260514222,21.279400490466713,22.215332590956237,21.901007132267537,21.3802645977171,21.729438382897456,22.40861352228241,]
center2_x = [16.67002347550216]
center2_y = [22.47786940864492]
image_corners2_x = [18.900846464908774,14.425462426055612,14.432240841276089,18.90762488012925,18.900846464908774]
image_corners2_y = [23.757394032501427,23.745441426995985,21.207416452221036,21.219369057726475,23.757394032501427]