Targets2_x = [9.158608378605187,9.30557955270946,9.279575253741648,9.71320128056016,9.953130021844796,10.16531740787513,10.548449212734486,]
Targets2_y = [
20.720251103796972,20.84668871414249,21.36776032320756,21.05446074408468,21.493200235843187,20.94584396608927,21.29327083393591,]
center2_x = [11.019095002303223]
center2_y = [22.037473581324434]
image_corners2_x = [12.779896695461888,8.394925311839636,8.902552048769856,13.287523432392108,12.779896695461888]
image_corners2_y = [23.992167437379116,23.097052291258823,20.61030103400613,21.505416180126424,23.992167437379116]