Targets2_x = [11.628706093770866,12.092433092383587,12.525198195872512,13.107238461415088,12.267098582252903,14.043386711403206,12.57798163543534,]
Targets2_y = [
21.21256267150778,21.141173191653603,21.274319135576597,21.313213160054868,20.804435085862014,21.297283707295996,20.725698960447104,]
center2_x = [13.317963375487139]
center2_y = [20.072408600922007]
image_corners2_x = [15.598832568352396,11.126191020296297,11.037094182621884,15.509735730677981,15.598832568352396]
image_corners2_y = [21.262089732533234,21.419197156299113,18.88272746931078,18.7256200455449,21.262089732533234]