Targets2_x = [10.610485512758935,11.635010053732882,11.205187159560964,12.146533954396109,12.684749715025188,12.425425776410934,12.87502751679021,13.110272251090716,11.051711016727332,11.447874969194448,13.330779521671522,12.458308451864164,10.744650595099158,12.87338036532127,11.958990461239216,11.69858467460081,12.179021738225996,13.124906887964544,11.374977433842627,10.923266065395497,12.392377998251295,11.913247262452161,12.591548581006563,13.274415288454597,11.681948545620038,11.279055508210986,13.442539585157169,12.126141045878544,]
Targets2_y = [
21.062745729946545,21.261212940540847,21.142894203934706,21.299626509070873,21.408644056068304,21.328181792427486,21.411970702111454,21.40488727653151,20.882182835523714,20.975075489004716,21.305917252639077,21.096209636189666,20.661383500165442,21.16021969966628,20.941156825627708,20.848964645542633,20.95774419574306,21.178773320018266,20.73546281162225,20.477902368317928,20.811419063464935,20.694168657887836,20.850806344058206,20.996584999001687,20.60068366697182,20.495190211829204,20.993604485716467,20.62582299443453,]
center2_x = [11.926678015649255]
center2_y = [20.3751967056244]
image_corners2_x = [14.042702520353762,9.619588896603862,10.006417508567555,14.429531132317457,14.042702520353762]
image_corners2_y = [21.938857032253054,21.256749246490404,18.748367229240934,19.430475015003584,21.938857032253054]