Targets2_x = [15.387307946249722,15.79308336732335,15.702405829368638,16.305673956161677,]
Targets2_y = [
21.824739088313432,21.633726550194257,21.27716698127484,21.0595409838633,]
center2_x = [15.590195656786534]
center2_y = [21.72923281925385]
image_corners2_x = [19.81466172833857,15.343976080476379,15.460440460196958,19.931126108059154,19.81466172833857]
image_corners2_y = [22.086316910590654,21.880951387683364,19.345590906854145,19.55095642976143,22.086316910590654]