Targets2_x = [15.302088504504347,15.555981355569665,15.63536175524709,16.052275332588547,]
Targets2_y = [
21.711632562100725,21.254860653072875,21.54865972656284,21.06744942838185,]
center2_x = [17.438853986083224]
center2_y = [20.584786360127367]
image_corners2_x = [19.656824864025296,15.183582321358996,15.26238033516691,19.735622877833208,19.656824864025296]
image_corners2_y = [21.974611415022004,21.83566425067405,19.298853734984277,19.43780089933223,21.974611415022004]