Targets2_x = [11.916709158120806,12.11184479935124,12.249158678495723,12.251348485195406,12.57144787049254,12.725913333862065,12.714244373226474,12.89161683446375,13.12586618094708,13.379897730105055,13.425752440166132,13.769477949777254,13.78237642728308,13.964632567009712,14.107597091440308,14.236439946828858,14.36227186303643,]
Targets2_y = [
21.16712567937312,20.66268511600626,21.186790463023158,21.70954254881122,20.96058121689233,21.403181749503226,21.752789179437194,21.0202187902806,21.874228831577383,21.49437801687985,21.88317229375327,21.518327533919148,21.86149837576822,21.234413944726967,21.713282502784914,21.229710938602288,22.01061128524092,]
center2_x = [13.95267368810435]
center2_y = [21.81781203286692]
image_corners2_x = [15.825112337755364,11.445631311358516,11.968279210864253,16.3477602372611,15.825112337755364]
image_corners2_y = [23.657035708449772,22.735433245654654,20.25179561253735,21.173398075332468,23.657035708449772]