Targets2_x = [8.801626006552453,8.912593083532112,9.10573471696529,9.314026901749076,9.53999947577001,9.534132366814548,9.687572821808633,9.807102748034362,10.042877169968724,10.095212014110956,10.07137031367772,10.335837463865845,10.423349057262717,]
Targets2_y = [
21.39714572365788,20.892416007577665,20.646501472599976,21.12078623081731,20.621445392232285,21.417498520197974,20.90078833568677,21.182309899658826,20.697399019275334,20.996727986575852,21.50554018560696,20.78097976254552,21.074971692902682,]
center2_x = [10.554401313824846]
center2_y = [20.458540758120748]
image_corners2_x = [12.761760470444118,8.291265558869286,8.410061307633958,12.88055621920879,12.761760470444118]
image_corners2_y = [21.851182656414803,21.641706152759763,19.106453839957403,19.315930343612443,21.851182656414803]