Targets_x = [13.760590807801446,14.940158683510761,13.466055948422094,12.477633447192135,14.296134143120936,12.009320962098046,15.379444122796667,15.735301104543339,14.828472769340115,11.601571612287634,13.032995554339465,13.380856521021016,12.24738302567898,13.593191084916029,14.501653435494735,15.558988220836554,];
Targets_y = [
21.14991035576571,21.111490372071803,21.198656035333226,21.25556118968502,21.21096888034537,21.29789215000536,21.31994547471169,21.32824190398234,21.534578204043882,21.727452721828705,21.747650841744353,21.76893486818196,21.911508624906073,21.905172839541173,21.978143656858943,22.071128221095016,];
center_x = [13.57740993301591];
center_y = [22.40521638920121];
image_corners_x = [15.859505731817745,11.387028709838876,11.295314134214074,15.767791156192946,15.859505731817745];
image_corners_y = [23.592542896512732,23.75426626486447,21.21788988188969,21.056166513537953,23.592542896512732];
