Targets_x = [15.543786542457674,16.025804295351747,17.464605331472793,18.60709532302913,14.920949706502732,17.107641439298945,17.98030772209877,16.607725025498215,17.63384258943439,16.161061557909445,18.42600944154945,17.99162422231851,15.814225392450972,17.147764230289937,16.74233298066625,18.730297691187083,];
Targets_y = [
20.984664088240464,20.969860614037923,20.98061322225017,20.98517178564603,21.13795060746438,21.10268173754125,21.151238181781427,21.265965387720975,21.36616005123719,21.5423200079351,21.60264940057128,21.66718100944193,21.74032571910691,21.774542480137157,21.80882150462124,21.972540848492613,];
center_x = [17.02161802567205];
center_y = [22.196185660017658];
image_corners_x = [19.286607418281278,14.812283552176284,14.756628633062824,19.230952499167817,19.286607418281278];
image_corners_y = [23.415828444295602,23.513966618332336,20.976542875739717,20.87840470170298,23.415828444295602];
