Targets_x = [12.130840823928844,8.082699244508289,10.760283502448042,11.551169272335391,10.493571273774869,9.935159411167584,8.898806180677031,9.622095641833909,10.96723782512273,12.19391363418726,10.226958517876357,11.897770080000816,8.166783061816217,9.346948173780786,8.902717921584925,11.43223537607019,10.141740710937295,9.824486676926677,10.32351863007919,8.51728566311207,7.832007002371666,11.139889169100783,12.01123051279595,9.109363878658165,];
Targets_y = [
21.020110690137255,20.9984307027225,21.03541944633498,21.150560969021885,21.221228473714362,21.258642437482877,21.248963788419662,21.292114818511095,21.30638659698863,21.341669382515676,21.32243642535758,21.37516165809883,21.43845576932522,21.45676362967897,21.519692204414127,21.569197032031372,21.84686362214714,21.846490599242163,21.94436872570925,21.942244981970244,21.949899360069107,21.97070896070558,22.014034068152665,22.052922689849883,];
center_x = [9.98612894943607];
center_y = [21.081039862101726];
image_corners_x = [12.22233531103772,7.746938404594596,7.749922587834421,12.225319494277544,12.22233531103772];
image_corners_y = [22.352687053033975,22.34742494325442,19.809392671169476,19.81465478094903,22.352687053033975];
