Targets_x = [13.955517339347956,10.495976789127667,];
Targets_y = [
20.988498427645393,21.187390228906263,];
center_x = [12.109052117580104];
center_y = [22.273011174452755];
image_corners_x = [14.390327138261092,9.91773946112602,9.827777096899114,14.300364774034188,14.390327138261092];
image_corners_y = [23.461913924845113,23.62054756043189,21.0841084240604,20.92547478847362,23.461913924845113];
