Targets_x = [13.810688196405348,14.990256072114663,13.516153337025996,12.527730835796037,14.346231531724838,12.059418350701948,15.429541511400569,15.785398493147241,14.878570157944017,11.651669000891536,13.083092942943367,13.430953909624918,12.297480414282882,13.643288473519931,14.551750824098637,15.609085609440456,];
Targets_y = [
20.786238403429778,20.74781841973587,20.834984082997295,20.89188923734909,20.84729692800944,20.93422019766943,20.95627352237576,20.96456995164641,21.17090625170795,21.363780769492774,21.38397888940842,21.40526291584603,21.547836672570142,21.541500887205242,21.614471704523012,21.707456268759085,];
center_x = [13.627507321619811];
center_y = [22.04154443686528];
image_corners_x = [15.909603120421647,11.437126098442778,11.345411522817976,15.817888544796848,15.909603120421647];
image_corners_y = [23.2288709441768,23.39059431252854,20.85421792955376,20.69249456120202,23.2288709441768];
