Targets_x = [13.442323656565957,15.33737428245324,14.876189145335431,13.569087077943987,14.19084680679892,13.814285571615784,14.723672868409162,14.237175714828005,13.302273062509986,15.06193585626173,];
Targets_y = [
20.78744962842938,20.826248903206984,21.10948537021089,21.14705322363327,21.299574380697013,21.523622592378864,21.718554929871853,21.82411926788522,21.980271851150487,22.08669997349625,];
center_x = [15.523426815327731];
center_y = [21.00821290367015];
image_corners_x = [17.760638636117534,13.285238967043696,13.286214994537927,17.761614663611766,17.760638636117534];
image_corners_y = [22.278090353974683,22.276369292159853,19.738335453365618,19.740056515180445,22.278090353974683];
