Targets_x = [13.780362072835427,14.95992994854474,13.485827213456073,12.497404712226114,14.315905408154915,12.029092227132026,15.399215387830647,15.75507236957732,14.848244034374094,11.621342877321613,13.052766819373446,13.400627786054997,12.26715429071296,13.61296234995001,14.521424700528716,15.578759485870535,];
Targets_y = [
20.89509213931241,20.856672155618504,20.943837818879928,21.000742973231723,20.95615066389207,21.043073933552062,21.065127258258393,21.073423687529043,21.279759987590584,21.472634505375407,21.492832625291054,21.514116651728663,21.656690408452775,21.650354623087875,21.723325440405645,21.816310004641718,];
center_x = [13.597181198049888];
center_y = [22.150398172747913];
image_corners_x = [15.879276996851726,11.406799974872857,11.315085399248055,15.787562421226927,15.879276996851726];
image_corners_y = [23.337724680059434,23.49944804841117,20.96307166543639,20.801348297084655,23.337724680059434];
