Targets_x = [15.489559958325405,15.971577711219478,17.410378747340523,18.552868738896862,14.866723122370463,17.053414855166675,17.926081137966502,16.553498441365946,17.57961600530212,16.106834973777175,18.37178285741718,17.93739763818624,15.759998808318702,17.093537646157667,16.688106396533982,18.676071107054813,];
Targets_y = [
21.2580777015215,21.24327422731896,21.254026835531207,21.258585398927067,21.411364220745416,21.376095350822286,21.424651795062463,21.53937900100201,21.639573664518228,21.815733621216136,21.876063013852317,21.940594622722966,22.013739332387946,22.047956093418193,22.082235117902275,22.24595446177365,];
center_x = [16.96739144153978];
center_y = [22.469599273298694];
image_corners_x = [19.23238083414901,14.758056968044013,14.702402048930555,19.176725915035547,19.23238083414901];
image_corners_y = [23.68924205757664,23.787380231613373,21.249956489020754,21.151818314984016,23.68924205757664];
