Targets_x = [11.708801245362155,13.142837821674098,14.614899134247835,12.487685932384549,10.92281346744719,14.248291591537292,12.264400731828063,10.221606534894862,13.20789343245331,11.888383365467439,11.423332542459825,13.678169312907757,12.882930016531951,12.422765025565653,10.815434292865874,13.366212496136834,14.069364321014119,13.693369569680529,12.001325836699214,12.915819169253165,10.462602260224934,12.535390886418948,11.668309498749837,14.33336544604949,];
Targets_y = [
20.961389850798245,20.966413345405545,20.962773312254896,21.062978592256872,21.11364611483278,21.22700058756061,21.233377038982418,21.299290048385167,21.266403854269612,21.319989701534844,21.36900731333912,21.403483462760292,21.40773508784276,21.579399976082232,21.600683675127254,21.603966798854792,21.782102543431762,21.8729452022415,21.87353122054062,22.02092623996464,22.067882925703135,22.073721547485555,22.09104761679956,22.106410123569123,];
center_x = [12.440726288040395];
center_y = [20.982857428665206];
image_corners_x = [14.685178816271993,10.20984277602943,10.196273759808797,14.67160980005136,14.685178816271993];
image_corners_y = [22.239892956559448,22.263819655161832,19.725821900770963,19.70189520216858,22.239892956559448];
