Targets_x = [15.786853719360208,16.268871472254283,17.707672508375328,18.850162499931667,15.164016883405266,17.35070861620148,18.223374899001307,16.85079220240075,17.876909766336926,16.40412873481198,18.669076618451985,18.234691399221045,16.057292569353507,17.390831407192472,16.985400157568787,18.973364868089618,];
Targets_y = [
20.612663948939655,20.597860474737114,20.60861308294936,20.613171646345222,20.76595046816357,20.73068159824044,20.779238042480618,20.893965248420166,20.994159911936382,21.17031986863429,21.23064926127047,21.29518087014112,21.3683255798061,21.402542340836348,21.43682136532043,21.600540709191804,];
center_x = [17.264685202574586];
center_y = [21.82418552071685];
image_corners_x = [19.529674595183813,15.055350729078818,14.999695809965358,19.474019676070352,19.529674595183813];
image_corners_y = [23.043828304994793,23.141966479031527,20.60454273643891,20.50640456240217,23.043828304994793];
