Targets_x = [15.488440790622343,15.970458543516417,17.40925957963746,18.5517495711938,14.865603954667401,17.052295687463612,17.92496197026344,16.552379273662883,17.578496837599058,16.105715806074112,18.370663689714117,17.936278470483177,15.75887964061564,17.092418478454604,16.68698722883092,18.67495193935175,];
Targets_y = [
21.308033865678215,21.293230391475674,21.30398299968792,21.308541563083782,21.46132038490213,21.426051514979,21.474607959219178,21.589335165158726,21.689529828674942,21.86568978537285,21.92601917800903,21.99055078687968,22.06369549654466,22.097912257574908,22.13219128205899,22.295910625930365,];
center_x = [16.96627227383672];
center_y = [22.51955543745541];
image_corners_x = [19.231261666445945,14.756937800340953,14.701282881227494,19.175606747332484,19.231261666445945];
image_corners_y = [23.739198221733353,23.837336395770087,21.29991265317747,21.20177447914073,23.739198221733353];
