Targets_x = [13.804184244477252,10.344643694256963,];
Targets_y = [
20.68695283282427,20.885844634085142,];
center_x = [11.9577190227094];
center_y = [21.971465579631634];
image_corners_x = [14.238994043390388,9.766406366255316,9.67644400202841,14.149031679163484,14.238994043390388];
image_corners_y = [23.160368330023992,23.31900196561077,20.78256282923928,20.623929193652497,23.160368330023992];
