Targets_x = [12.20524260844651,8.74570205822622,];
Targets_y = [
20.808800458958654,21.007692260219525,];
center_x = [10.358777386678657];
center_y = [22.093313205766016];
image_corners_x = [12.640052407359645,8.167464730224573,8.077502365997667,12.550090043132741,12.640052407359645];
image_corners_y = [23.282215956158375,23.440849591745152,20.90441045537366,20.74577681978688,23.282215956158375];
