Targets_x = [13.442437157959036,15.337487783846319,14.87630264672851,13.569200579337066,14.190960308191999,13.814399073008863,14.72378636980224,14.237289216221084,13.302386563903065,15.062049357654809,];
Targets_y = [
20.73829402957776,20.777093304355365,21.06032977135927,21.097897624781652,21.250418781845394,21.474466993527244,21.669399331020234,21.7749636690336,21.931116252298867,22.03754437464463,];
center_x = [15.52354031672081];
center_y = [20.95905730481853];
image_corners_x = [17.760752137510615,13.285352468436775,13.286328495931006,17.761728165004847,17.760752137510615];
image_corners_y = [22.228934755123063,22.227213693308233,19.689179854514,19.690900916328825,22.228934755123063];
