Targets_x = [11.705364654747294,13.139401231059237,14.611462543632975,12.484249341769688,10.91937687683233,14.244855000922431,12.260964141213202,10.218169944280001,13.20445684183845,11.884946774852578,11.419895951844964,13.674732722292896,12.87949342591709,12.419328434950792,10.811997702251013,13.362775905521973,14.065927730399258,13.689932979065668,11.997889246084354,12.912382578638304,10.459165669610073,12.531954295804088,11.664872908134976,14.329928855434629,];
Targets_y = [
20.90041162767267,20.90543512227997,20.901795089129322,21.0020003691313,21.052667891707205,21.166022364435037,21.172398815856845,21.238311825259593,21.20542563114404,21.25901147840927,21.308029090213548,21.34250523963472,21.346756864717186,21.51842175295666,21.53970545200168,21.54298857572922,21.72112432030619,21.811966979115926,21.812552997415047,21.959948016839068,22.00690470257756,22.01274332435998,22.030069393673987,22.04543190044355,];
center_x = [12.437289697425534];
center_y = [20.921879205539632];
image_corners_x = [14.681742225657132,10.206406185414568,10.192837169193936,14.6681732094365,14.681742225657132];
image_corners_y = [22.178914733433874,22.20284143203626,19.66484367764539,19.640916979043006,22.178914733433874];
