Targets_x = [15.5069869349016,15.989004687795672,17.42780572391672,18.57029571547306,14.884150098946657,17.07084183174287,17.9435081145427,16.570925417942142,17.597042981878317,16.12426195035337,18.389209833993377,17.954824614762437,15.777425784894897,17.110964622733864,16.70553337311018,18.69349808363101,];
Targets_y = [
21.117430133664353,21.102626659461812,21.11337926767406,21.11793783106992,21.270716652888268,21.23544778296514,21.284004227205315,21.398731433144864,21.49892609666108,21.67508605335899,21.73541544599517,21.799947054865818,21.8730917645308,21.907308525561046,21.941587550045128,22.105306893916502,];
center_x = [16.984818418115978];
center_y = [22.328951705441547];
image_corners_x = [19.249807810725205,14.775483944620209,14.71982902550675,19.194152891611743,19.249807810725205];
image_corners_y = [23.54859448971949,23.646732663756225,21.109308921163606,21.01117074712687,23.54859448971949];
