Targets_x = [14.122995066294443,15.302562942003759,13.828460206915091,12.840037705685132,14.658538401613933,12.371725220591044,15.741848381289664,16.097705363036336,15.190877027833112,11.963975870780631,13.395399812832462,13.743260779514014,12.609787284171977,13.955595343409026,14.864057693987732,15.921392479329551,];
Targets_y = [
20.347287516874534,20.308867533180628,20.39603319644205,20.452938350793847,20.408346041454195,20.495269311114185,20.517322635820516,20.525619065091167,20.731955365152707,20.92482988293753,20.945028002853178,20.966312029290787,21.1088857860149,21.102550000649998,21.17552081796777,21.26850538220384,];
center_x = [13.939814191508907];
center_y = [21.602593550310036];
image_corners_x = [16.221909990310742,11.749432968331874,11.657718392707071,16.130195414685943,16.221909990310742];
image_corners_y = [22.789920057621558,22.951643425973295,20.415267042998515,20.253543674646778,22.789920057621558];
