Targets_x = [13.442068874823558,15.337119500710841,14.875934363593032,13.568832296201588,14.190592025056521,13.814030789873385,14.723418086666763,14.236920933085607,13.302018280767587,15.061681074519331,];
Targets_y = [
20.76913841962226,20.807937694399865,21.09117416140377,21.12874201482615,21.281263171889893,21.505311383571744,21.700243721064734,21.8058080590781,21.961960642343367,22.06838876468913,];
center_x = [15.523172033585332];
center_y = [20.98990169486303];
image_corners_x = [17.760383854375135,13.284984185301298,13.285960212795528,17.761359881869367,17.760383854375135];
image_corners_y = [22.259779145167563,22.258058083352733,19.7200242445585,19.721745306373325,22.259779145167563];
