Targets_x = [15.499848076217928,15.981865829112001,17.42066686523305,18.563156856789387,14.877011240262986,17.0637029730592,17.936369255859027,16.56378655925847,17.589904123194646,16.1171230916697,18.382070975309706,17.947685756078766,15.770286926211226,17.103825764050193,16.698394514426507,18.68635922494734,];
Targets_y = [
21.157458113496325,21.142654639293784,21.15340724750603,21.157965810901892,21.31074463272024,21.27547576279711,21.324032207037288,21.438759412976836,21.538954076493052,21.71511403319096,21.77544342582714,21.83997503469779,21.91311974436277,21.947336505393018,21.9816155298771,22.145334873748475,];
center_x = [16.977679559432307];
center_y = [22.36897968527352];
image_corners_x = [19.242668952041534,14.768345085936538,14.712690166823078,19.187014032928072,19.242668952041534];
image_corners_y = [23.588622469551463,23.686760643588197,21.14933690099558,21.05119872695884,23.588622469551463];
