Targets_x = [12.872456352573286,9.412915802352996,];
Targets_y = [
20.322152354519574,20.521044155780444,];
center_x = [11.025991130805433];
center_y = [21.606665101326936];
image_corners_x = [13.307266151486422,8.83467847435135,8.744716110124443,13.217303787259517,13.307266151486422];
image_corners_y = [22.795567851719294,22.954201487306072,20.41776235093458,20.2591287153478,22.795567851719294];
