Targets_x = [15.48842507440344,16.667992950112755,15.193890215024087,14.205467713794128,16.02396840972293,13.73715522870004,17.107278389398658,17.463135371145334,16.55630703594211,13.329405878889627,14.760829820941458,15.10869078762301,13.975217292280973,15.321025351518022,16.229487702096726,17.28682248743855,];
Targets_y = [
20.54967062970729,20.511250646013384,20.598416309274807,20.655321463626603,20.61072915428695,20.69765242394694,20.719705748653272,20.728002177923923,20.934338477985463,21.127212995770286,21.147411115685934,21.168695142123543,21.311268898847654,21.304933113482754,21.377903930800525,21.470888495036597,];
center_x = [15.305244199617903];
center_y = [21.804976663142792];
image_corners_x = [17.587339998419736,13.11486297644087,13.023148400816067,17.495625422794937,17.587339998419736];
image_corners_y = [22.992303170454313,23.15402653880605,20.61765015583127,20.455926787479534,22.992303170454313];
