Targets_x = [11.925184742529662,12.20101520988589,8.749479644965705,];
Targets_y = [
20.78910452909928,20.808950396232365,20.994860127263955,];
center_x = [10.358777386678657];
center_y = [22.093313205766016];
image_corners_x = [12.640052407359645,8.167464730224573,8.077502365997667,12.550090043132741,12.640052407359645];
image_corners_y = [23.282215956158375,23.440849591745152,20.90441045537366,20.74577681978688,23.282215956158375];
