Targets_x = [13.442435531246545,15.337487783846319,14.106469796681536,14.87630264672851,13.569200579337066,14.685909441006684,14.19519199130248,13.814397446296372,13.615535994216112,14.72378474308975,14.300764462878297,13.302386563903065,15.062049357654809,];
Targets_y = [
20.74252408597575,20.777093304355365,20.96274241253224,21.06032977135927,21.097897624781652,21.166007979246963,21.246190352159896,21.478697049925234,21.605522286377898,21.673629387418224,21.7115372237511,21.931116252298867,22.03754437464463,];
center_x = [15.52354031672081];
center_y = [20.95905730481853];
image_corners_x = [17.760752137510615,13.285352468436775,13.286328495931006,17.761728165004847,17.760752137510615];
image_corners_y = [22.228934755123063,22.227213693308233,19.689179854514,19.690900916328825,22.228934755123063];
