Targets_x = [11.705364654747294,13.139378616032202,14.61148515866001,12.484249341769688,10.91937687683233,13.635283239327936,14.244832385895396,12.260964141213202,10.218169944280001,13.20445684183845,11.884946774852578,14.059255311222225,10.641373105255122,11.656775742254778,11.419895951844964,13.678962718550213,12.87949342591709,12.419328434950792,10.811997702251013,13.362798520549006,13.198439272243528,14.065927730399258,11.638226489077143,13.736146327517686,11.997911861111389,11.279287412935032,12.912382578638304,10.459165669610073,12.53620690708844,11.669102904392295,14.325698859177312,];
Targets_y = [
20.90041162767267,20.90120512602265,20.906025085386638,21.0020003691313,21.052667891707205,21.084679003181623,21.161792368177714,21.172398815856845,21.238311825259593,21.20542563114404,21.25901147840927,21.264307339542864,21.274120288872016,21.30676264869962,21.308029090213548,21.342482624607683,21.346756864717186,21.51842175295666,21.53970545200168,21.547218571986534,21.662310456988465,21.72112432030619,21.79332529342638,21.752498266216097,21.816782993672366,21.90945746967189,21.959948016839068,22.00690470257756,22.01695070559027,22.030046778646952,22.045454515470585,];
center_x = [12.437289697425534];
center_y = [20.921879205539632];
image_corners_x = [14.681742225657132,10.206406185414568,10.192837169193936,14.6681732094365,14.681742225657132];
image_corners_y = [22.178914733433874,22.20284143203626,19.66484367764539,19.640916979043006,22.178914733433874];
