Targets_x = [15.488348032423817,15.974780341285927,15.72949604616864,17.400708742296963,18.543198733853302,14.86551119646888,17.047973889694102,18.350981868550928,17.92064017249393,16.55228651546436,17.578404079400535,15.719389073937874,17.403196130580636,16.105715806074112,15.33603060415435,18.366341891944607,17.998322691070154,15.75455784284613,17.092418478454604,16.686894470632396,18.67495193935175,];
Targets_y = [
21.303804826107232,21.29736667284814,21.30274664836244,21.29993947651398,21.304498039909838,21.457091345331143,21.421915233606533,21.414490906316562,21.470471677846714,21.58510612558774,21.68530078910395,21.80646614830259,21.799151662287574,21.86568978537285,21.882571777503934,21.921882896636564,21.925723820337026,22.059559215172193,22.097912257574908,22.127962242488003,22.295910625930365,];
center_x = [16.96627227383672];
center_y = [22.51955543745541];
image_corners_x = [19.231261666445945,14.756937800340953,14.701282881227494,19.175606747332484,19.231261666445945];
image_corners_y = [23.739198221733353,23.837336395770087,21.29991265317747,21.20177447914073,23.739198221733353];
