Targets_x = [12.592398486656439,12.868228954012666,9.416693389092481,];
Targets_y = [
20.3024564246602,20.322302291793285,20.508212022824875,];
center_x = [11.025991130805433];
center_y = [21.606665101326936];
image_corners_x = [13.307266151486422,8.83467847435135,8.744716110124443,13.217303787259517,13.307266151486422];
image_corners_y = [22.795567851719294,22.954201487306072,20.41776235093458,20.2591287153478,22.795567851719294];
