Targets_x = [15.499755318019401,15.986187626881511,15.740903331764224,17.41211602789255,18.55460601944889,14.876918482064465,17.05938117528969,18.362389154146516,17.932047458089517,16.563693801059948,17.589811364996123,15.730796359533459,17.414603416176224,16.1171230916697,15.347437889749935,18.377749177540196,18.009729976665742,15.765965128441715,17.103825764050193,16.698301756227984,18.68635922494734,];
Targets_y = [
21.153229073925342,21.14679092066625,21.15217089618055,21.14936372433209,21.153922287727948,21.306515593149253,21.271339481424643,21.263915154134672,21.319895925664824,21.43453037340585,21.53472503692206,21.6558903961207,21.648575910105684,21.71511403319096,21.731996025322044,21.771307144454674,21.775148068155136,21.908983462990303,21.947336505393018,21.977386490306113,22.145334873748475,];
center_x = [16.977679559432307];
center_y = [22.36897968527352];
image_corners_x = [19.242668952041534,14.768345085936538,14.712690166823078,19.187014032928072,19.242668952041534];
image_corners_y = [23.588622469551463,23.686760643588197,21.14933690099558,21.05119872695884,23.588622469551463];
