Targets_x = [13.442067248111067,15.337119500710841,14.106101513546058,14.875934363593032,13.568832296201588,14.685541157871207,14.194823708167002,13.814029163160894,13.615167711080634,14.723416459954272,14.300396179742819,13.302018280767587,15.061681074519331,];
Targets_y = [
20.77336847602025,20.807937694399865,20.99358680257674,21.09117416140377,21.12874201482615,21.196852369291463,21.277034742204396,21.509541439969734,21.636366676422398,21.704473777462724,21.7423816137956,21.961960642343367,22.06838876468913,];
center_x = [15.523172033585332];
center_y = [20.98990169486303];
image_corners_x = [17.760383854375135,13.284984185301298,13.285960212795528,17.761359881869367,17.760383854375135];
image_corners_y = [22.259779145167563,22.258058083352733,19.7200242445585,19.721745306373325,22.259779145167563];
