Targets_x = [15.786760961161681,16.273193270023793,16.027908974906506,17.69912167103483,18.84161166259117,15.163924125206744,17.34638681843197,18.649394797288796,18.219053101231797,16.850699444202228,17.876817008138403,16.01780200267574,17.701609059318503,16.40412873481198,15.634443532892215,18.664754820682475,18.29673561980802,16.052970771583997,17.390831407192472,16.985307399370264,18.973364868089618,];
Targets_y = [
20.608434909368672,20.60199675610958,20.60737673162388,20.60456955977542,20.609128123171278,20.761721428592583,20.726545316867973,20.719120989578002,20.775101761108154,20.88973620884918,20.98993087236539,21.11109623156403,21.103781745549014,21.17031986863429,21.187201860765374,21.226512979898004,21.230353903598466,21.364189298433633,21.402542340836348,21.432592325749443,21.600540709191804,];
center_x = [17.264685202574586];
center_y = [21.82418552071685];
image_corners_x = [19.529674595183813,15.055350729078818,14.999695809965358,19.474019676070352,19.529674595183813];
image_corners_y = [23.043828304994793,23.141966479031527,20.60454273643891,20.50640456240217,23.043828304994793];
