Targets_x = [15.48842507440344,16.672067386458338,13.37477808859112,15.194043072650128,14.209847865391794,16.02396840972293,13.737460943952122,16.423779765072307,17.091133501642368,17.46736266511696,17.286506170093347,13.052033191091324,16.560687187539774,13.333633172861251,14.765209972539123,14.440472624854234,15.112918081594636,13.621141882489262,15.681668338182956,13.979444586252598,15.321025351518022,17.24520839673744,16.943288952797126,16.233867853694395,17.270830457308293,];
Targets_y = [
20.54967062970729,20.50687049441572,20.62609944272796,20.60264360324643,20.659395899972186,20.61072915428695,20.70610701189019,20.66399724098506,20.74145364901556,20.72784932029788,20.759785962047406,21.065284743945355,20.938412914331046,21.127060138144245,21.151485552031517,21.184392059094822,21.1685422844975,21.235182908404965,21.211468772182332,21.311116041221613,21.304933113482754,21.256519363492067,21.33516181611304,21.381978367146107,21.496863689370507,];
center_x = [15.305244199617903];
center_y = [21.804976663142792];
image_corners_x = [17.587339998419736,13.11486297644087,13.023148400816067,17.495625422794937,17.587339998419736];
image_corners_y = [22.992303170454313,23.15402653880605,20.61765015583127,20.455926787479534,22.992303170454313];
