Targets_x = [13.442322029853466,15.33737428245324,14.106356295288457,14.876189145335431,13.569087077943987,14.685795939613605,14.1950784899094,13.814283944903293,13.615422492823033,14.723671241696671,14.300650961485218,13.302273062509986,15.06193585626173,];
Targets_y = [
20.79167968482737,20.826248903206984,21.01189801138386,21.10948537021089,21.14705322363327,21.215163578098583,21.295345951011516,21.527852648776854,21.654677885229518,21.722784986269843,21.76069282260272,21.980271851150487,22.08669997349625,];
center_x = [15.523426815327731];
center_y = [21.00821290367015];
image_corners_x = [17.760638636117534,13.285238967043696,13.286214994537927,17.761614663611766,17.760638636117534];
image_corners_y = [22.278090353974683,22.276369292159853,19.738335453365618,19.740056515180445,22.278090353974683];
