Targets_x = [13.67545947343111,13.951289940787337,10.499754375867152,];
Targets_y = [
20.96880249778602,20.988648364919104,21.174558095950694,];
center_x = [12.109052117580104];
center_y = [22.273011174452755];
image_corners_x = [14.390327138261092,9.91773946112602,9.827777096899114,14.300364774034188,14.390327138261092];
image_corners_y = [23.461913924845113,23.62054756043189,21.0841084240604,20.92547478847362,23.461913924845113];
