Targets_x = [15.543693784259148,16.030126093121257,15.78484179800397,17.456054494132296,18.598544485688635,14.92085694830421,17.103319641529435,18.40632762038626,17.97598592432926,16.607632267299692,17.633749831235868,15.774734825773205,17.458541882415968,16.161061557909445,15.391376355989681,18.42168764377994,18.053668442905487,15.809903594681462,17.147764230289937,16.74224022246773,18.730297691187083,];
Targets_y = [
20.98043504866948,20.973996895410387,20.97937687092469,20.97656969907623,20.981128262472087,21.133721567893392,21.098545456168782,21.09112112887881,21.147101900408963,21.261736348149988,21.3619310116662,21.48309637086484,21.475781884849823,21.5423200079351,21.559202000066183,21.598513119198813,21.602354042899275,21.736189437734442,21.774542480137157,21.804592465050252,21.972540848492613,];
center_x = [17.02161802567205];
center_y = [22.196185660017658];
image_corners_x = [19.286607418281278,14.812283552176284,14.756628633062824,19.230952499167817,19.286607418281278];
image_corners_y = [23.415828444295602,23.513966618332336,20.976542875739717,20.87840470170298,23.415828444295602];
