Targets_x = [12.135065904076919,8.091159352081904,10.760283502448042,11.555399326122199,10.497801327561678,9.939389464954392,8.907261314611914,9.626325695620718,10.97146787890954,12.202378715399608,10.231188571663166,11.326757581530302,11.902005107426357,12.071197311621221,8.555967904757507,8.175243169389834,7.764927952069435,9.34695314741952,8.90694797537173,11.432230402431458,12.01147422109387,10.145975738362836,9.832951758139025,10.657802299289168,11.753331520046439,8.191621257915164,9.54523349605507,10.331978737652806,8.525740797046952,7.8404621363065505,11.148344303035666,12.019690620369566,8.792154607396144,9.11782398623178,];
Targets_y = [
21.024345717562795,20.998440649999967,21.03541944633498,21.150565942660617,21.221233447353093,21.258647411121608,21.25320378948394,21.29211979214983,21.30639157062736,21.337449276006335,21.32244139899631,21.336419732788595,21.370936577950754,21.37959563107369,21.421993128941427,21.438465716602686,21.43798327364558,21.45253357589216,21.51969717805286,21.57342708581818,21.80676143259906,21.842638541999065,21.84227049273282,21.85170045985938,21.89951922394613,21.899561473919714,21.905383092101097,21.94437867298672,21.946484983034516,21.95413936113338,21.97494896176985,22.01404401543013,22.01447918286363,22.05293263712735,];
center_x = [9.98612894943607];
center_y = [21.081039862101726];
image_corners_x = [12.22233531103772,7.746938404594596,7.749922587834421,12.225319494277544,12.22233531103772];
image_corners_y = [22.352687053033975,22.34742494325442,19.809392671169476,19.81465478094903,22.352687053033975];
