Targets_x = [13.760590807801446,14.944233119856344,11.646943821989126,13.466208806048135,12.4820135987898,14.296134143120936,12.009626677350129,14.695945498470314,15.363299235040373,15.739528398514967,15.558671903491355,11.32419892448933,14.83285292093778,11.605798906259258,13.03737570593713,12.71263835825224,13.385083814992642,11.893307615887268,13.953834071580962,12.251610319650604,13.593191084916029,15.517374130135448,15.215454686195134,14.506033587092402,15.542996190706301,];
Targets_y = [
21.14991035576571,21.107110220474137,21.226339168786378,21.20288332930485,21.259635626030605,21.21096888034537,21.30634673794861,21.26423696704348,21.34169337507398,21.3280890463563,21.360025688105825,21.665524470003774,21.538652640389465,21.727299864202664,21.751725278089936,21.78463178515324,21.76878201055592,21.835422634463384,21.81170849824075,21.911355767280032,21.905172839541173,21.856759089550486,21.93540154217146,21.982218093204526,22.097103415428926,];
center_x = [13.57740993301591];
center_y = [22.40521638920121];
image_corners_x = [15.859505731817745,11.387028709838876,11.295314134214074,15.767791156192946,15.859505731817745];
image_corners_y = [23.592542896512732,23.75426626486447,21.21788988188969,21.056166513537953,23.592542896512732];
