Targets_x = [13.780362072835427,14.964004384890323,11.666715087023107,13.485980071082114,12.50178486382378,14.315905408154915,12.029397942384108,14.715716763504293,15.383070500074354,15.759299663548948,15.578443168525336,11.343970189523311,14.85262418597176,11.625570171293237,13.057146970971111,12.73240962328622,13.404855080026621,11.913078880921248,13.973605336614941,12.271381584684583,13.61296234995001,15.537145395169428,15.235225951229115,14.525804852126381,15.562767455740282,];
Targets_y = [
20.89509213931241,20.85229200402084,20.97152095233308,20.948065112851552,21.004817409577306,20.95615066389207,21.05152852149531,21.009418750590182,21.086875158620682,21.073270829903002,21.105207471652527,21.410706253550476,21.283834423936167,21.472481647749365,21.496907061636637,21.529813568699943,21.513963794102622,21.580604418010086,21.556890281787453,21.656537550826734,21.650354623087875,21.60194087309719,21.68058332571816,21.727399876751228,21.842285198975627,];
center_x = [13.597181198049888];
center_y = [22.150398172747913];
image_corners_x = [15.879276996851726,11.406799974872857,11.315085399248055,15.787562421226927,15.879276996851726];
image_corners_y = [23.337724680059434,23.49944804841117,20.96307166543639,20.801348297084655,23.337724680059434];
