Targets_x = [14.122995066294443,15.306637378349341,12.009348080482123,13.828613064541132,12.844417857282798,14.658538401613933,12.372030935843126,15.058349756963311,15.72570349353337,16.101932657007964,15.921076161984352,11.686603182982328,15.195257179430778,11.968203164752255,13.399779964430127,13.075042616745238,13.74748807348564,12.255711874380266,14.31623833007396,12.614014578143601,13.955595343409026,15.879778388628445,15.577858944688131,14.8684378455854,15.905400449199298,];
Targets_y = [
20.347287516874534,20.304487381582963,20.423716329895203,20.400260490413675,20.45701278713943,20.408346041454195,20.503723899057434,20.461614128152306,20.539070536182805,20.525466207465126,20.55740284921465,20.8629016311126,20.73602980149829,20.92467702531149,20.94910243919876,20.982008946262066,20.966159171664746,21.03279979557221,21.009085659349577,21.108732928388857,21.102550000649998,21.05413625065931,21.132778703280284,21.17959525431335,21.29448057653775,];
center_x = [13.939814191508907];
center_y = [21.602593550310036];
image_corners_x = [16.221909990310742,11.749432968331874,11.657718392707071,16.130195414685943,16.221909990310742];
image_corners_y = [22.789920057621558,22.951643425973295,20.415267042998515,20.253543674646778,22.789920057621558];
