Targets_x = [13.524126378560405,13.799956845916633,10.348421280996448,];
Targets_y = [
20.667256902964898,20.687102770097983,20.873012501129573,];
center_x = [11.9577190227094];
center_y = [21.971465579631634];
image_corners_x = [14.238994043390388,9.766406366255316,9.67644400202841,14.149031679163484,14.238994043390388];
image_corners_y = [23.160368330023992,23.31900196561077,20.78256282923928,20.623929193652497,23.160368330023992];
