Targets_x = [14.897847730124932,14.944573677250775,15.334584931668855,];
Targets_y = [
21.10481997861231,21.62126784349755,22.055794927010734,];
center_x = [16.977679559432307];
center_y = [22.36897968527352];
image_corners_x = [19.205393557804527,14.730130233833448,14.749965561060085,19.225228885031164,19.205393557804527];
image_corners_y = [23.65544609032653,23.620469796650227,21.082513280220507,21.117489573896812,23.65544609032653];
