Targets_x = [13.810688196405348,14.994330508460246,11.697041210593028,13.516306194652037,12.532110987393702,14.346231531724838,12.05972406595403,14.746042887074216,15.413396623644275,15.789625787118869,15.608769292095257,11.374296313093232,14.882950309541682,11.65589629486316,13.087473094541032,12.762735746856142,13.435181203596544,11.94340500449117,14.003931460184864,12.301707708254506,13.643288473519931,15.56747151873935,15.265552074799036,14.556130975696304,15.593093579310203,];
Targets_y = [
20.786238403429778,20.743438268138206,20.862667216450447,20.83921137696892,20.895963673694673,20.84729692800944,20.942674785612677,20.90056501470755,20.97802142273805,20.96441709402037,20.996353735769894,21.301852517667843,21.174980688053534,21.363627911866732,21.388053325754004,21.42095983281731,21.40511005821999,21.471750682127453,21.44803654590482,21.5476838149441,21.541500887205242,21.493087137214555,21.571729589835527,21.618546140868595,21.733431463092995,];
center_x = [13.627507321619811];
center_y = [22.04154443686528];
image_corners_x = [15.909603120421647,11.437126098442778,11.345411522817976,15.817888544796848,15.909603120421647];
image_corners_y = [23.2288709441768,23.39059431252854,20.85421792955376,20.69249456120202,23.2288709441768];
