Targets_x = [15.506894176703073,15.993326485565182,15.748042190447896,17.419254886576223,18.56174487813256,14.884057340748136,17.06652003397336,18.369528012830187,17.93918631677319,16.57083265974362,17.596950223679794,15.73793521821713,17.421742274859895,16.12426195035337,15.354576748433606,18.384888036223867,18.016868835349413,15.773103987125387,17.110964622733864,16.705440614911655,18.69349808363101,];
Targets_y = [
21.11320109409337,21.106762940834276,21.112142916348578,21.109335744500118,21.113894307895976,21.26648761331728,21.23131150159267,21.2238871743027,21.27986794583285,21.394502393573877,21.49469705709009,21.615862416288728,21.608547930273712,21.67508605335899,21.69196804549007,21.731279164622702,21.735120088323164,21.86895548315833,21.907308525561046,21.93735851047414,22.105306893916502,];
center_x = [16.984818418115978];
center_y = [22.328951705441547];
image_corners_x = [19.249807810725205,14.775483944620209,14.71982902550675,19.194152891611743,19.249807810725205];
image_corners_y = [23.54859448971949,23.646732663756225,21.109308921163606,21.01117074712687,23.54859448971949];
