Targets_x = [15.489467200126878,15.975899508988988,15.730615213871701,17.401827910000026,18.544317901556365,14.86663036417194,17.049093057397165,18.35210103625399,17.921759340196992,16.553405683167423,17.579523247103598,15.720508241640935,17.4043152982837,16.106834973777175,15.337149771857412,18.36746105964767,17.999441858773217,15.755677010549192,17.093537646157667,16.68801363833546,18.676071107054813,];
Targets_y = [
21.253848661950517,21.247410508691424,21.252790484205725,21.249983312357266,21.254541875753123,21.40713518117443,21.37195906944982,21.364534742159847,21.42051551369,21.535149961431024,21.635344624947237,21.756509984145875,21.74919549813086,21.815733621216136,21.83261561334722,21.87192673247985,21.87576765618031,22.00960305101548,22.047956093418193,22.07800607833129,22.24595446177365,];
center_x = [16.96739144153978];
center_y = [22.469599273298694];
image_corners_x = [19.23238083414901,14.758056968044013,14.702402048930555,19.176725915035547,19.23238083414901];
image_corners_y = [23.68924205757664,23.787380231613373,21.249956489020754,21.151818314984016,23.68924205757664];
