Targets_x = [11.708801245362155,13.142815206647063,14.61492174927487,12.487685932384549,10.92281346744719,13.638719829942797,14.248268976510257,12.264400731828063,10.221606534894862,13.20789343245331,11.888383365467439,14.062691901837086,10.644809695869982,11.660212332869639,11.423332542459825,13.682399309165074,12.882930016531951,12.422765025565653,10.815434292865874,13.366235111163867,13.201875862858389,14.069364321014119,11.641663079692004,13.739582918132546,12.00134845172625,11.282724003549893,12.915819169253165,10.462602260224934,12.5396434977033,11.672539495007156,14.329135449792172,];
Targets_y = [
20.961389850798245,20.962183349148223,20.96700330851221,21.062978592256872,21.11364611483278,21.145657226307197,21.222770591303288,21.233377038982418,21.299290048385167,21.266403854269612,21.319989701534844,21.325285562668437,21.33509851199759,21.367740871825195,21.36900731333912,21.403460847733257,21.40773508784276,21.579399976082232,21.600683675127254,21.608196795112107,21.723288680114038,21.782102543431762,21.854303516551955,21.81347648934167,21.87776121679794,21.970435692797462,22.02092623996464,22.067882925703135,22.077928928715842,22.091025001772525,22.10643273859616,];
center_x = [12.440726288040395];
center_y = [20.982857428665206];
image_corners_x = [14.685178816271993,10.20984277602943,10.196273759808797,14.67160980005136,14.685178816271993];
image_corners_y = [22.239892956559448,22.263819655161832,19.725821900770963,19.70189520216858,22.239892956559448];
