Targets_x = [11.074361189562016,12.263007125289803,10.300260811490181,11.391615442870144,11.941522815270899,11.751170263286022,12.402598996745379,10.913619034552562,11.476216577085644,12.186866104495852,12.402598996745379,12.00074360922175,12.0261239494864,12.258777068579029,];
Targets_y = [
20.568562344459895,20.593942684724546,20.678543818940046,20.8223657471064,20.813905633684847,20.923887108165,21.088859319885227,21.198840794365378,21.296132098713205,21.32574249568863,21.549935501359705,21.80373890400621,22.057542306652714,22.412867070357816,];
center_x = [10.249500131];
center_y = [21.672607146];
image_corners_x = [12.48720013096088,8.01180013096088,8.01180013096088,12.48720013096088,12.48720013096088];
image_corners_y = [22.941624159204697,22.941624159204697,20.40359013273967,20.40359013273967,22.941624159204697];
