Targets_x = [11.594532280665584,12.229040787281843,11.12922604248033,12.453233792952918,12.910079917716624,11.949857044370688,11.687593528302635,12.11059919938014,11.531081430003958,11.653753074616436,12.131749482934016,];
Targets_y = [
21.07654215087679,21.131532888116865,21.376876177341817,21.592609069591347,21.647599806831423,21.702590544071498,22.01561474066885,22.286338370158454,22.641663133863556,22.975837614014786,23.369232888116866,];
center_x = [13.2400243412];
center_y = [22.1594366688];
image_corners_x = [15.477724341157078,11.002324341157077,11.002324341157077,15.477724341157078,15.477724341157078];
image_corners_y = [23.428453682067715,23.428453682067715,20.890419655602688,20.890419655602688,23.428453682067715];
