Targets_x = [11.838740396354872,11.55955665344372,13.023156275371885,12.545159867054304,13.433471776317065,11.153471209209314,12.253285954010826,12.600150604294381,12.0206328349182,12.0883137422906,12.464788789549578,];
Targets_y = [
21.30277223445774,21.38737336867324,21.65386694145207,21.691937451849043,21.772308529353772,21.82306920988307,21.966891138049423,22.288375448068326,22.563329134268702,22.91019378455226,23.379730079448287,];
center_x = [13.0400765022];
center_y = [22.5506389641];
image_corners_x = [15.277776502214985,10.802376502214985,10.802376502214985,15.277776502214985,15.277776502214985];
image_corners_y = [23.819655977368893,23.819655977368893,21.281621950903865,21.281621950903865,23.819655977368893];
