Targets_x = [0.020863729267453834,0.020863729267453834,];
Targets_y = [
-0.014724726827171963,-0.014724726827171963,];
center_x = [15.87568460453193];
center_y = [22.472398504829062];
image_corners_x = [18.112205851469724,13.636807779004718,13.639163357594136,18.11456143005914,18.112205851469724];
image_corners_y = [23.74349180662456,23.739338136378556,21.201305203033563,21.205458873279568,23.74349180662456];
