
Targets1_x = [12.0883137422906,12.600150604294381,12.0206328349182,13.023156275371885,12.253285954010826,12.545159867054304,11.153471209209314,11.838740396354872,11.55955665344372,]
Targets1_y = [22.91019378455226,22.288375448068326,22.563329134268702,21.65386694145207,21.966891138049423,21.691937451849043,21.82306920988307,21.30277223445774,21.38737336867324,]
Targets2_x = [10.300260811490181,11.074361189562016,11.391615442870144,10.913619034552562,12.263007125289803,11.941522815270899,11.751170263286022,11.476216577085644,]
Targets2_y = [
20.678543818940046,20.568562344459895,20.8223657471064,21.198840794365378,20.593942684724546,20.813905633684847,20.923887108165,21.296132098713205,]
center1_x = [13.0400765022,10.249500131]
center1_y = [22.5506389641,21.672607146]
image_corners1_x = [15.277776502214985,10.802376502214985,10.802376502214985,15.277776502214985,]
image_corners1_y = [23.819655977368893,23.819655977368893,21.281621950903865,21.281621950903865,]
image_corners2_x = [12.48720013096088,8.01180013096088,8.01180013096088,12.48720013096088,]
image_corners2_y = [22.941624159204697,22.941624159204697,20.40359013273967,20.40359013273967,]