
Targets1_x = [13.433471776317065,12.600150604294381,12.253285954010826,12.464788789549578,12.0206328349182,12.0883137422906,11.153471209209314,]
Targets1_y = [21.772308529353772,22.288375448068326,21.966891138049423,23.379730079448287,22.563329134268702,22.91019378455226,21.82306920988307,]
Targets2_x = [11.531081430003958,11.12922604248033,11.653753074616436,11.687593528302635,12.131749482934016,11.594532280665584,12.11059919938014,11.949857044370688,]
Targets2_y = [
22.641663133863556,21.376876177341817,22.975837614014786,22.01561474066885,23.369232888116866,21.07654215087679,22.286338370158454,21.702590544071498,]
center1_x = [13.0400765022,13.2400243412]
center1_y = [22.5506389641,22.1594366688]
image_corners1_x = [15.277776502214985,10.802376502214985,10.802376502214985,15.277776502214985,]
image_corners1_y = [23.819655977368893,23.819655977368893,21.281621950903865,21.281621950903865,]
image_corners2_x = [15.477724341157078,11.002324341157077,11.002324341157077,15.477724341157078,]
image_corners2_y = [23.428453682067715,23.428453682067715,20.890419655602688,20.890419655602688,]