
Targets1_x = [11.63538819621435,11.66922864990055,11.394274963700171,11.576167402263499,11.203922411715295,11.254683092244596,10.535573451412837,9.837614094134954,]
Targets1_y = [21.28798262581205,21.84212005492358,21.567166368723203,22.870023835641916,22.146684138099385,22.45547827798596,21.541786028458553,21.42334444055685,]
Targets2_x = [10.300260811490181,10.913619034552562,11.074361189562016,11.476216577085644,11.391615442870144,12.0261239494864,12.00074360922175,12.258777068579029,11.751170263286022,11.941522815270899,12.186866104495852,12.402598996745379,12.402598996745379,12.263007125289803,]
Targets2_y = [
20.678543818940046,21.198840794365378,20.568562344459895,21.296132098713205,20.8223657471064,22.057542306652714,21.80373890400621,22.412867070357816,20.923887108165,20.813905633684847,21.32574249568863,21.549935501359705,21.088859319885227,20.593942684724546,]
center1_x = [9.87568460453,10.249500131]
center1_y = [22.4723985048,21.672607146]
image_corners1_x = [12.11338460453193,7.63798460453193,7.63798460453193,12.11338460453193,]
image_corners1_y = [23.741415518061576,23.741415518061576,21.20338149159655,21.20338149159655,]
image_corners2_x = [12.48720013096088,8.01180013096088,8.01180013096088,12.48720013096088,]
image_corners2_y = [22.941624159204697,22.941624159204697,20.40359013273967,20.40359013273967,]