
Targets1_x = [10.535573451412837,11.63538819621435,11.394274963700171,11.203922411715295,11.66922864990055,11.254683092244596,11.576167402263499,]
Targets1_y = [21.541786028458553,21.28798262581205,21.567166368723203,22.146684138099385,21.84212005492358,22.45547827798596,22.870023835641916,]
Targets2_x = [12.464788789549578,13.433471776317065,12.0883137422906,12.600150604294381,13.023156275371885,12.0206328349182,12.545159867054304,12.253285954010826,11.838740396354872,11.153471209209314,]
Targets2_y = [
23.379730079448287,21.772308529353772,22.91019378455226,22.288375448068326,21.65386694145207,22.563329134268702,21.691937451849043,21.966891138049423,21.30277223445774,21.82306920988307,]
center1_x = [9.87568460453,13.0400765022]
center1_y = [22.4723985048,22.5506389641]
image_corners1_x = [12.11338460453193,7.63798460453193,7.63798460453193,12.11338460453193,]
image_corners1_y = [23.741415518061576,23.741415518061576,21.20338149159655,21.20338149159655,]
image_corners2_x = [15.277776502214985,10.802376502214985,10.802376502214985,15.277776502214985,]
image_corners2_y = [23.819655977368893,23.819655977368893,21.281621950903865,21.281621950903865,]