
Targets1_x = [10.535573451412837,11.394274963700171,11.63538819621435,11.203922411715295,12.003403130051778,11.66922864990055,11.254683092244596,11.576167402263499,]
Targets1_y = [21.541786028458553,21.567166368723203,21.28798262581205,22.146684138099385,21.232991888571974,21.84212005492358,22.45547827798596,22.870023835641916,]
Targets2_x = [12.131749482934016,12.910079917716624,11.653753074616436,12.11059919938014,12.453233792952918,11.531081430003958,11.949857044370688,11.687593528302635,12.229040787281843,11.594532280665584,]
Targets2_y = [
23.369232888116866,21.647599806831423,22.975837614014786,22.286338370158454,21.592609069591347,22.641663133863556,21.702590544071498,22.01561474066885,21.131532888116865,21.07654215087679,]
center1_x = [9.87568460453,13.2400243412]
center1_y = [22.4723985048,22.1594366688]
image_corners1_x = [12.11338460453193,7.63798460453193,7.63798460453193,12.11338460453193,]
image_corners1_y = [23.741415518061576,23.741415518061576,21.20338149159655,21.20338149159655,]
image_corners2_x = [15.477724341157078,11.002324341157077,11.002324341157077,15.477724341157078,]
image_corners2_y = [23.428453682067715,23.428453682067715,20.890419655602688,20.890419655602688,]