
Targets1_x = [11.391615442870144,10.913619034552562,11.751170263286022,11.941522815270899,11.476216577085644,12.402598996745379,12.186866104495852,12.00074360922175,12.402598996745379,12.0261239494864,12.258777068579029,]
Targets1_y = [20.8223657471064,21.198840794365378,20.923887108165,20.813905633684847,21.296132098713205,21.088859319885227,21.32574249568863,21.80373890400621,21.549935501359705,22.057542306652714,22.412867070357816,]
Targets2_x = [12.131749482934016,11.653753074616436,12.11059919938014,11.531081430003958,12.910079917716624,12.453233792952918,11.687593528302635,11.949857044370688,12.229040787281843,11.594532280665584,]
Targets2_y = [
23.369232888116866,22.975837614014786,22.286338370158454,22.641663133863556,21.647599806831423,21.592609069591347,22.01561474066885,21.702590544071498,21.131532888116865,21.07654215087679,]
center1_x = [10.249500131,13.2400243412]
center1_y = [21.672607146,22.1594366688]
image_corners1_x = [12.48720013096088,8.01180013096088,8.01180013096088,12.48720013096088,]
image_corners1_y = [22.941624159204697,22.941624159204697,20.40359013273967,20.40359013273967,]
image_corners2_x = [15.477724341157078,11.002324341157077,11.002324341157077,15.477724341157078,]
image_corners2_y = [23.428453682067715,23.428453682067715,20.890419655602688,20.890419655602688,]