Targets2_x = [12.01269003786179,11.971176219506768,12.039448590914766,12.332358072954774,12.39026190774672,12.498057194426625,12.663815376200164,12.668326638963096,]
Targets2_y = [
22.416956107520036,21.097257248291807,22.77011454125504,21.86015684627896,23.276362693539802,20.93601495261666,22.234062494986045,21.63168006183044,]
center2_x = [13.779346636532779]
center2_y = [22.41901337944745]
image_corners2_x = [15.58618654433436,11.280400390851884,11.972506728731197,16.278292882213673,15.58618654433436]
image_corners2_y = [24.25014281710311,23.02972864130926,20.587883941791787,21.80829811758564,24.25014281710311]