Targets2_x = [11.751093942653302,12.625771207372631,11.299433712295743,11.79390976640441,12.175176054977651,11.197266787614089,11.668633220448845,11.389647610378818,11.979636306037861,11.352549237668585,]
Targets2_y = [
22.933051109835745,21.268635888430552,22.514074048120325,21.856044243561715,21.18708052128736,22.174870782699077,21.26666794833462,21.562171850605555,20.715827842274166,20.623800896312936,]
center2_x = [12.923373788539589]
center2_y = [21.79654791178047]
image_corners2_x = [15.081984657933269,10.614441206184585,10.764762919145909,15.232306370894593,15.081984657933269]
image_corners2_y = [23.195870813904573,22.930803526716108,20.397225009656363,20.66229229684483,23.195870813904573]