Targets2_x = [10.766910698389541,11.517487299952457,11.707109988570675,11.121824999888199,12.593322652372793,12.21280270055215,11.995492956506876,11.59736202977311,]
Targets2_y = [
21.099203736990738,21.304331749471128,21.661432224519643,21.816647756886148,21.79676972913941,21.870795606655392,21.896118982250158,22.127627266573835,]
center2_x = [10.3281043325354]
center2_y = [21.987263844670043]
image_corners2_x = [11.878794124777231,7.77059448446148,8.777414540293568,12.88561418060932,11.878794124777231]
image_corners2_y = [24.039839455484554,22.2644800903673,19.934688233855532,21.710047598972785,24.039839455484554]