Targets2_x = [11.69306569248069,12.546026443840368,11.290776713356298,11.756186236093441,12.133019827891886,11.2014765871883,11.663277269040966,11.392726619643534,10.940240525624503,10.296932275046592,]
Targets2_y = [
22.94898544351181,21.298372564180386,22.509492390203093,21.86209601374518,21.207909831414682,22.171208444849245,21.276441402433626,21.566945728814517,20.937690307346298,21.496014864766924,]
center2_x = [12.20774856611754]
center2_y = [22.092722706072646]
image_corners2_x = [14.523589777104275,10.057754871842969,9.891907355130803,14.35774226039211,14.523589777104275]
image_corners2_y = [23.21280527239044,23.50524972685956,20.97264013975485,20.68019568528573,23.21280527239044]