Targets2_x = [11.138337043910544,10.746380935906792,11.329529015742452,10.69143474265079,12.238892789605142,11.801454835576186,10.967513929206135,11.28607877775471,11.671745454743574,11.060007254246157,]
Targets2_y = [
22.570017718272055,22.090514648565023,21.50347672377769,21.738655130149162,21.033298643218686,20.889935535185806,21.155086503998348,20.899315773153575,20.393706278111036,20.215571435510647,]
center2_x = [12.46241753584017]
center2_y = [21.6000254317651]
image_corners2_x = [14.408608106365447,10.019690220551649,10.516226965314894,14.905144851128693,14.408608106365447]
image_corners2_y = [23.282300003014416,22.40674020974856,19.917750860515785,20.793310653781642,23.282300003014416]