Targets2_x = [9.86961351434398,10.444983229005778,10.646944869910792,10.998098765259599,10.945572267157628,11.49425950317718,11.485956109233316,11.701958146784367,11.296440909848588,11.493124258809456,11.70299801270649,11.902619734616987,11.933398012952335,11.827584637220445,]
Targets2_y = [
20.038937365086127,20.59741503920235,19.98121353782643,20.73174485392965,20.254846907323422,21.525819857449445,21.271669985247307,21.89478809844461,20.379830579052893,20.283139757203486,20.8086360940551,21.046039435172418,20.58741166183874,20.08580494014051,]
center2_x = [9.752765544721864]
center2_y = [21.024333579704397]
image_corners2_x = [11.900471591625818,7.435115572589524,7.60505949781791,12.070415516854204,11.900471591625818]
image_corners2_y = [22.440336477288213,22.14066868913549,19.60833068212058,19.907998470273302,22.440336477288213]