Targets_x = [16.036895153760593,15.186008823624158,15.578860512067802,13.818234204307412,15.01422183926762,14.612006982679441,15.301055353204534,13.325236780589298,12.85546419704481,13.747454266047468,14.326596225473622,];
Targets_y = [
21.05228397407204,21.161587054491452,21.256916946889337,21.411731563905583,21.60898917207161,21.670119950499522,21.750238646212303,21.81074861988182,21.850338895863008,21.948549249880802,22.015343308781766,];
center_x = [14.5874989133];
center_y = [20.785881944];
image_corners_x = [16.817838445767514,12.342512965840093,12.357159380856608,16.832484860784028,16.817838445767514];
image_corners_y = [22.067791082672954,22.041964570860504,19.5039728053062,19.529799317118655,22.067791082672954];
