Targets_x = [9.087550052621111,12.573139869374732,11.088479183469213,12.869320670143296,9.2655740965633,11.562731362702124,9.739826275796212,12.28218312085573,10.670716285466682,11.237871283212822,13.302377048717265,10.09243324509895,10.938643818213928,12.719911315587428,13.105127805588168,];
Targets_y = [
20.9667702015001,20.96645906793367,20.993147343447387,20.98650473217131,21.063398145727913,21.12251103376562,21.192761836046145,21.212889344430458,21.265431128871313,21.352147426517778,21.412128114128368,21.597534866888893,21.649369586773805,21.756937712172785,21.83164238945072,];
center_x = [11.1014517958];
center_y = [22.2029035904];
image_corners_x = [13.343869681406792,8.868500814658143,8.859033910226676,13.334402776975326,13.343869681406792];
image_corners_y = [23.46356512160277,23.48025842975025,20.94224205919336,20.92554875104588,23.46356512160277];
