Targets_x = [16.584832135063394,16.02211322900155,15.746885787870307,];
Targets_y = [
21.22933348511438,21.461692908096012,21.98607634857162,];
center_x = [17.9344518823];
center_y = [20.785881944];
image_corners_x = [20.17148917651638,15.696089786206114,15.697414588084392,20.172813978394657,20.17148917651638];
image_corners_y = [22.05606681799822,22.053730750686192,19.515697069980938,19.518033137292967,22.05606681799822];
