Targets_x = [15.309233245350478,15.71302123885088,11.491849578748583,13.916249235964468,12.400915847685765,12.038064973154391,15.112765958954707,14.69148947042549,15.389064979611875,11.707127333165662,13.43177834695005,12.996578556938637,13.830986020323856,14.393440731542134,13.487745064532454,14.149933316180778,13.094685986430807,12.29196383121022,12.764307620266024,];
Targets_y = [
21.242079075399808,21.371285329732125,21.072758945526456,21.444345233846754,21.379466886631366,21.352076136423,21.7242278238256,21.771821101356775,21.89608235335767,21.646644727052596,21.829994287943187,21.84645540587532,22.00550518157308,22.120651378596396,22.20959204257702,22.304848683948386,22.272728607269915,22.223080575545378,22.303809056334998,];
center_x = [13.4747457191];
center_y = [22.2550638964];
image_corners_x = [15.576660096391914,11.122995698497341,11.37283134176614,15.82649573966071,15.576660096391914];
image_corners_y = [23.73818945423729,23.297645936606642,20.77193833855679,21.212481856187438,23.73818945423729];
