Targets_x = [15.21697799534125,15.699382637390041,15.02743723715102,14.515656071457474,15.38730794624972,15.988876154666666,];
Targets_y = [
21.131285803707296,21.240483100525257,21.63074132228532,21.665413905876985,21.824739088313436,22.37789918338099,];
center_x = [16.6826045383];
center_y = [22.3767712773];
image_corners_x = [18.92236482362592,14.446970738806053,14.442844253023969,18.91823833784384,18.92236482362592];
image_corners_y = [23.64214842826295,23.649424798192022,21.111394126271495,21.10411775634242,23.64214842826295];
