Targets_x = [9.74548340620807,10.229387542441668,8.571283025265254,6.317403511114879,8.953493813582503,7.17933130304659,7.709273453009676,9.952251701321643,9.221846487844925,5.98751552304609,7.483503588052544,];
Targets_y = [
21.106796834752267,21.189083805925595,20.951055124605695,20.63604698946491,21.027290380331234,20.793968133835186,20.91277802368547,21.422798589420687,21.39059364902921,21.02885236740606,21.264975575735367,];
center_x = [7.90228636039];
center_y = [22.0985829784];
image_corners_x = [9.936954757334561,5.506968446292532,5.867617963443893,10.297604274485922,9.936954757334561];
image_corners_y = [23.6726954217616,23.03675010651803,20.52447053503862,21.160415850282188,23.6726954217616];
