Targets_x = [11.303405770964773,10.643744492312434,11.003595049807954,11.73561379727001,12.031760625560143,13.309289422295123,10.230140102370608,10.725381431766706,11.457355484154464,12.891723172324594,12.519584779074258,9.791230021372215,10.387828200217493,13.222157195153837,12.922495457578021,11.907452025634285,10.067403667579732,9.183371993481057,12.584346291704783,12.296823406302781,];
Targets_y = [
20.917603520411493,20.983378121392857,21.066712370444545,21.127585411610827,21.139232617967323,21.151653435719,21.25133008038096,21.342647642922454,21.3908305926652,21.495760841606415,21.52668211044085,21.540521581890225,21.584951248617674,21.63418977533346,21.82559893011163,21.8757048712754,21.88641568752366,21.902219535790213,21.89870131682638,21.933554648973313,];
center_x = [11.2057724078];
center_y = [20.8206554817];
image_corners_x = [13.447928036261626,8.972555794228091,8.96361677936775,13.438989021401285,13.447928036261626];
image_corners_y = [22.081783392652387,22.097545855522785,19.55952757081568,19.54376510794528,22.081783392652387];
