Targets_x = [9.169940506687201,10.229241491405325,7.120965505065299,8.173945625270992,9.919728331741299,8.696480217909839,6.633215375819745,9.14857309895162,7.461365701686375,7.955698422417798,10.12438327115646,5.774807694710995,9.415826710351071,6.30116196418339,7.743112839499697,5.771365826906408,];
Targets_y = [
20.756212540414786,20.99175560148404,20.914283424662834,21.013557774579297,21.26032770203816,21.113801282786827,21.020420716916494,21.246725584312657,21.119093863283386,21.20016123772048,21.573330916247066,21.254576308818816,21.573107521726453,21.414519783727858,21.531467800889338,21.678603108583626,];
center_x = [8.0413805089];
center_y = [20.6467877949];
image_corners_x = [10.173389679702717,5.711597964889666,5.9093713380897395,10.37116305290279,10.173389679702717];
image_corners_y = [22.08631631680204,21.737575935392577,19.20725927292771,19.555999654337175,22.08631631680204];
