
Targets1_x = [13.302377048717265,12.869320670143296,13.105127805588168,12.573139869374732,12.719911315587428,12.28218312085573,11.562731362702124,]
Targets1_y = [21.412128114128368,20.98650473217131,21.83164238945072,20.96645906793367,21.756937712172785,21.212889344430458,21.12251103376562,]
Targets2_x = [12.85546419704481,13.325236780589298,13.747454266047468,13.818234204307412,]
Targets2_y = [
21.850338895863008,21.81074861988182,21.948549249880802,21.411731563905583,]
center1_x = [11.1014517958,14.5874989133]
center1_y = [22.2029035904,20.785881944]
image_corners1_x = [13.343869681406792,8.868500814658143,8.859033910226676,13.334402776975326,]
image_corners1_y = [23.46356512160277,23.48025842975025,20.94224205919336,20.92554875104588,]
image_corners2_x = [16.817838445767514,12.342512965840093,12.357159380856608,16.832484860784028,]
image_corners2_y = [22.067791082672954,22.041964570860504,19.5039728053062,19.529799317118655,]