
Targets1_x = [15.71302123885088,15.389064979611875,15.309233245350478,15.112765958954707,14.69148947042549,14.393440731542134,14.149933316180778,13.916249235964468,13.830986020323856,]
Targets1_y = [21.371285329732125,21.89608235335767,21.242079075399808,21.7242278238256,21.771821101356775,22.120651378596396,22.304848683948386,21.444345233846754,22.00550518157308,]
Targets2_x = [14.515656071457474,15.02743723715102,15.21697799534125,15.38730794624972,15.699382637390041,15.988876154666666,]
Targets2_y = [
21.665413905876985,21.63074132228532,21.131285803707296,21.824739088313436,21.240483100525257,22.37789918338099,]
center1_x = [13.4747457191,16.6826045383]
center1_y = [22.2550638964,22.3767712773]
image_corners1_x = [15.576660096391914,11.122995698497341,11.37283134176614,15.82649573966071,]
image_corners1_y = [23.73818945423729,23.297645936606642,20.77193833855679,21.212481856187438,]
image_corners2_x = [18.92236482362592,14.446970738806053,14.442844253023969,18.91823833784384,]
image_corners2_y = [23.64214842826295,23.649424798192022,21.111394126271495,21.10411775634242,]