
Targets1_x = [15.71302123885088,15.309233245350478,15.389064979611875,15.112765958954707,14.69148947042549,13.916249235964468,14.393440731542134,13.830986020323856,14.149933316180778,13.43177834695005,12.400915847685765,13.487745064532454,12.996578556938637,12.038064973154391,13.094685986430807,12.764307620266024,12.29196383121022,]
Targets1_y = [21.371285329732125,21.242079075399808,21.89608235335767,21.7242278238256,21.771821101356775,21.444345233846754,22.120651378596396,22.00550518157308,22.304848683948386,21.829994287943187,21.379466886631366,22.20959204257702,21.84645540587532,21.352076136423,22.272728607269915,22.303809056334998,22.223080575545378,]
Targets2_x = [12.85546419704481,13.325236780589298,13.747454266047468,14.326596225473622,13.818234204307412,14.612006982679441,15.01422183926762,15.301055353204534,15.186008823624158,15.578860512067802,16.036895153760593,]
Targets2_y = [
21.850338895863008,21.81074861988182,21.948549249880802,22.015343308781766,21.411731563905583,21.670119950499522,21.60898917207161,21.750238646212303,21.161587054491452,21.256916946889337,21.05228397407204,]
center1_x = [13.4747457191,14.5874989133]
center1_y = [22.2550638964,20.785881944]
image_corners1_x = [15.576660096391914,11.122995698497341,11.37283134176614,15.82649573966071,]
image_corners1_y = [23.73818945423729,23.297645936606642,20.77193833855679,21.212481856187438,]
image_corners2_x = [16.817838445767514,12.342512965840093,12.357159380856608,16.832484860784028,]
image_corners2_y = [22.067791082672954,22.041964570860504,19.5039728053062,19.529799317118655,]