
Targets1_x = [12.869320670143296,12.573139869374732,11.088479183469213,11.562731362702124,9.087550052621111,12.28218312085573,9.2655740965633,13.302377048717265,9.739826275796212,10.670716285466682,11.237871283212822,12.719911315587428,10.938643818213928,10.09243324509895,13.105127805588168,]
Targets1_y = [20.98650473217131,20.96645906793367,20.993147343447387,21.12251103376562,20.9667702015001,21.212889344430458,21.063398145727913,21.412128114128368,21.192761836046145,21.265431128871313,21.352147426517778,21.756937712172785,21.649369586773805,21.597534866888893,21.83164238945072,]
Targets2_x = [9.183371993481057,10.067403667579732,12.296823406302781,11.907452025634285,12.584346291704783,12.922495457578021,9.791230021372215,10.387828200217493,13.222157195153837,12.519584779074258,10.725381431766706,11.457355484154464,12.891723172324594,10.230140102370608,11.73561379727001,11.003595049807954,12.031760625560143,10.643744492312434,13.309289422295123,11.303405770964773,]
Targets2_y = [
21.902219535790213,21.88641568752366,21.933554648973313,21.8757048712754,21.89870131682638,21.82559893011163,21.540521581890225,21.584951248617674,21.63418977533346,21.52668211044085,21.342647642922454,21.3908305926652,21.495760841606415,21.25133008038096,21.127585411610827,21.066712370444545,21.139232617967323,20.983378121392857,21.151653435719,20.917603520411493,]
center1_x = [11.1014517958,11.2057724078]
center1_y = [22.2029035904,20.8206554817]
image_corners1_x = [13.343869681406792,8.868500814658143,8.859033910226676,13.334402776975326,]
image_corners1_y = [23.46356512160277,23.48025842975025,20.94224205919336,20.92554875104588,]
image_corners2_x = [13.447928036261626,8.972555794228091,8.96361677936775,13.438989021401285,]
image_corners2_y = [22.081783392652387,22.097545855522785,19.55952757081568,19.54376510794528,]