
Targets1_x = [11.491849578748583,11.707127333165662,12.038064973154391,12.400915847685765,12.29196383121022,12.996578556938637,12.764307620266024,13.094685986430807,13.43177834695005,13.916249235964468,13.487745064532454,13.830986020323856,14.149933316180778,]
Targets1_y = [21.072758945526456,21.646644727052596,21.352076136423,21.379466886631366,22.223080575545378,21.84645540587532,22.303809056334998,22.272728607269915,21.829994287943187,21.444345233846754,22.20959204257702,22.00550518157308,22.304848683948386,]
Targets2_x = [13.222157195153837,12.922495457578021,13.309289422295123,12.891723172324594,12.584346291704783,12.296823406302781,12.519584779074258,11.907452025634285,12.031760625560143,11.73561379727001,11.457355484154464,11.303405770964773,11.003595049807954,10.725381431766706,10.387828200217493,]
Targets2_y = [
21.63418977533346,21.82559893011163,21.151653435719,21.495760841606415,21.89870131682638,21.933554648973313,21.52668211044085,21.8757048712754,21.139232617967323,21.127585411610827,21.3908305926652,20.917603520411493,21.066712370444545,21.342647642922454,21.584951248617674,]
center1_x = [13.4747457191,11.2057724078]
center1_y = [22.2550638964,20.8206554817]
image_corners1_x = [15.576660096391914,11.122995698497341,11.37283134176614,15.82649573966071,]
image_corners1_y = [23.73818945423729,23.297645936606642,20.77193833855679,21.212481856187438,]
image_corners2_x = [13.447928036261626,8.972555794228091,8.96361677936775,13.438989021401285,]
image_corners2_y = [22.081783392652387,22.097545855522785,19.55952757081568,19.54376510794528,]