
Targets1_x = [6.317403511114879,7.17933130304659,8.571283025265254,8.953493813582503,9.74548340620807,7.709273453009676,5.98751552304609,9.952251701321643,9.221846487844925,7.483503588052544,]
Targets1_y = [20.63604698946491,20.793968133835186,20.951055124605695,21.027290380331234,21.106796834752267,20.91277802368547,21.02885236740606,21.422798589420687,21.39059364902921,21.264975575735367,]
Targets2_x = [5.771365826906408,6.30116196418339,7.743112839499697,5.774807694710995,9.415826710351071,10.12438327115646,7.955698422417798,7.461365701686375,6.633215375819745,9.14857309895162,9.919728331741299,8.696480217909839,7.120965505065299,8.173945625270992,10.229241491405325,9.169940506687201,]
Targets2_y = [
21.678603108583626,21.414519783727858,21.531467800889338,21.254576308818816,21.573107521726453,21.573330916247066,21.20016123772048,21.119093863283386,21.020420716916494,21.246725584312657,21.26032770203816,21.113801282786827,20.914283424662834,21.013557774579297,20.99175560148404,20.756212540414786,]
center1_x = [7.90228636039,8.0413805089]
center1_y = [22.0985829784,20.6467877949]
image_corners1_x = [9.936954757334561,5.506968446292532,5.867617963443893,10.297604274485922,]
image_corners1_y = [23.6726954217616,23.03675010651803,20.52447053503862,21.160415850282188,]
image_corners2_x = [10.173389679702717,5.711597964889666,5.9093713380897395,10.37116305290279,]
image_corners2_y = [22.08631631680204,21.737575935392577,19.20725927292771,19.555999654337175,]