
Targets1_x = [13.302377048717265,13.105127805588168,12.719911315587428,12.573139869374732,12.28218312085573,11.562731362702124,11.237871283212822,11.088479183469213,10.938643818213928,10.670716285466682,]
Targets1_y = [21.412128114128368,21.83164238945072,21.756937712172785,20.96645906793367,21.212889344430458,21.12251103376562,21.352147426517778,20.993147343447387,21.649369586773805,21.265431128871313,]
Targets2_x = [11.491849578748583,11.707127333165662,12.038064973154391,12.29196383121022,12.400915847685765,12.764307620266024,12.996578556938637,13.094685986430807,13.43177834695005,13.487745064532454,13.830986020323856,13.916249235964468,14.149933316180778,]
Targets2_y = [
21.072758945526456,21.646644727052596,21.352076136423,22.223080575545378,21.379466886631366,22.303809056334998,21.84645540587532,22.272728607269915,21.829994287943187,22.20959204257702,22.00550518157308,21.444345233846754,22.304848683948386,]
center1_x = [11.1014517958,13.4747457191]
center1_y = [22.2029035904,22.2550638964]
image_corners1_x = [13.343869681406792,8.868500814658143,8.859033910226676,13.334402776975326,]
image_corners1_y = [23.46356512160277,23.48025842975025,20.94224205919336,20.92554875104588,]
image_corners2_x = [15.576660096391914,11.122995698497341,11.37283134176614,15.82649573966071,]
image_corners2_y = [23.73818945423729,23.297645936606642,20.77193833855679,21.212481856187438,]