
Targets1_x = [9.087550052621111,9.2655740965633,9.739826275796212,10.09243324509895,10.670716285466682,11.088479183469213,10.938643818213928,]
Targets1_y = [20.9667702015001,21.063398145727913,21.192761836046145,21.597534866888893,21.265431128871313,20.993147343447387,21.649369586773805,]
Targets2_x = [10.12438327115646,10.229241491405325,9.919728331741299,9.415826710351071,9.14857309895162,9.169940506687201,8.696480217909839,8.173945625270992,]
Targets2_y = [
21.573330916247066,20.99175560148404,21.26032770203816,21.573107521726453,21.246725584312657,20.756212540414786,21.113801282786827,21.013557774579297,]
center1_x = [11.1014517958,8.0413805089]
center1_y = [22.2029035904,20.6467877949]
image_corners1_x = [13.343869681406792,8.868500814658143,8.859033910226676,13.334402776975326,]
image_corners1_y = [23.46356512160277,23.48025842975025,20.94224205919336,20.92554875104588,]
image_corners2_x = [10.173389679702717,5.711597964889666,5.9093713380897395,10.37116305290279,]
image_corners2_y = [22.08631631680204,21.737575935392577,19.20725927292771,19.555999654337175,]