
Targets1_x = [10.229387542441668,9.952251701321643,9.74548340620807,9.221846487844925,8.953493813582503,8.571283025265254,]
Targets1_y = [21.189083805925595,21.422798589420687,21.106796834752267,21.39059364902921,21.027290380331234,20.951055124605695,]
Targets2_x = [9.087550052621111,9.2655740965633,9.739826275796212,10.09243324509895,10.670716285466682,10.938643818213928,]
Targets2_y = [
20.9667702015001,21.063398145727913,21.192761836046145,21.597534866888893,21.265431128871313,21.649369586773805,]
center1_x = [7.90228636039,11.1014517958]
center1_y = [22.0985829784,22.2029035904]
image_corners1_x = [9.936954757334561,5.506968446292532,5.867617963443893,10.297604274485922,]
image_corners1_y = [23.6726954217616,23.03675010651803,20.52447053503862,21.160415850282188,]
image_corners2_x = [13.343869681406792,8.868500814658143,8.859033910226676,13.334402776975326,]
image_corners2_y = [23.46356512160277,23.48025842975025,20.94224205919336,20.92554875104588,]