
Targets1_x = [16.036895153760593,15.578860512067802,15.301055353204534,15.186008823624158,15.01422183926762,]
Targets1_y = [21.05228397407204,21.256916946889337,21.750238646212303,21.161587054491452,21.60898917207161,]
Targets2_x = [15.746885787870307,16.02211322900155,16.584832135063394,]
Targets2_y = [
21.98607634857162,21.461692908096012,21.22933348511438,]
center1_x = [14.5874989133,17.9344518823]
center1_y = [20.785881944,20.785881944]
image_corners1_x = [16.817838445767514,12.342512965840093,12.357159380856608,16.832484860784028,]
image_corners1_y = [22.067791082672954,22.041964570860504,19.5039728053062,19.529799317118655,]
image_corners2_x = [20.17148917651638,15.696089786206114,15.697414588084392,20.172813978394657,]
image_corners2_y = [22.05606681799822,22.053730750686192,19.515697069980938,19.518033137292967,]