
Targets1_x = [15.71302123885088,15.309233245350478,15.389064979611875,15.112765958954707,]
Targets1_y = [21.371285329732125,21.242079075399808,21.89608235335767,21.7242278238256,]
Targets2_x = [15.746885787870307,16.02211322900155,16.584832135063394,]
Targets2_y = [
21.98607634857162,21.461692908096012,21.22933348511438,]
center1_x = [13.4747457191,17.9344518823]
center1_y = [22.2550638964,20.785881944]
image_corners1_x = [15.576660096391914,11.122995698497341,11.37283134176614,15.82649573966071,]
image_corners1_y = [23.73818945423729,23.297645936606642,20.77193833855679,21.212481856187438,]
image_corners2_x = [20.17148917651638,15.696089786206114,15.697414588084392,20.172813978394657,]
image_corners2_y = [22.05606681799822,22.053730750686192,19.515697069980938,19.518033137292967,]