
Targets1_x = [14.515656071457474,15.21697799534125,15.02743723715102,15.699382637390041,15.38730794624972,15.988876154666666,]
Targets1_y = [21.665413905876985,21.131285803707296,21.63074132228532,21.240483100525257,21.824739088313436,22.37789918338099,]
Targets2_x = [16.036895153760593,15.301055353204534,15.578860512067802,15.01422183926762,15.186008823624158,14.612006982679441,14.326596225473622,13.747454266047468,13.818234204307412,]
Targets2_y = [
21.05228397407204,21.750238646212303,21.256916946889337,21.60898917207161,21.161587054491452,21.670119950499522,22.015343308781766,21.948549249880802,21.411731563905583,]
center1_x = [16.6826045383,14.5874989133]
center1_y = [22.3767712773,20.785881944]
image_corners1_x = [18.92236482362592,14.446970738806053,14.442844253023969,18.91823833784384,]
image_corners1_y = [23.64214842826295,23.649424798192022,21.111394126271495,21.10411775634242,]
image_corners2_x = [16.817838445767514,12.342512965840093,12.357159380856608,16.832484860784028,]
image_corners2_y = [22.067791082672954,22.041964570860504,19.5039728053062,19.529799317118655,]