
Targets1_x = [10.229387542441668,9.952251701321643,9.74548340620807,9.221846487844925,8.953493813582503,8.571283025265254,]
Targets1_y = [21.189083805925595,21.422798589420687,21.106796834752267,21.39059364902921,21.027290380331234,20.951055124605695,]
Targets2_x = [9.183371993481057,9.791230021372215,10.067403667579732,10.230140102370608,10.387828200217493,10.725381431766706,10.643744492312434,11.003595049807954,]
Targets2_y = [
21.902219535790213,21.540521581890225,21.88641568752366,21.25133008038096,21.584951248617674,21.342647642922454,20.983378121392857,21.066712370444545,]
center1_x = [7.90228636039,11.2057724078]
center1_y = [22.0985829784,20.8206554817]
image_corners1_x = [9.936954757334561,5.506968446292532,5.867617963443893,10.297604274485922,]
image_corners1_y = [23.6726954217616,23.03675010651803,20.52447053503862,21.160415850282188,]
image_corners2_x = [13.447928036261626,8.972555794228091,8.96361677936775,13.438989021401285,]
image_corners2_y = [22.081783392652387,22.097545855522785,19.55952757081568,19.54376510794528,]