
Targets1_x = [15.699382637390041,15.21697799534125,15.38730794624972,15.988876154666666,]
Targets1_y = [21.240483100525257,21.131285803707296,21.824739088313436,22.37789918338099,]
Targets2_x = [15.746885787870307,16.02211322900155,16.584832135063394,]
Targets2_y = [
21.98607634857162,21.461692908096012,21.22933348511438,]
center1_x = [16.6826045383,17.9344518823]
center1_y = [22.3767712773,20.785881944]
image_corners1_x = [18.92236482362592,14.446970738806053,14.442844253023969,18.91823833784384,]
image_corners1_y = [23.64214842826295,23.649424798192022,21.111394126271495,21.10411775634242,]
image_corners2_x = [20.17148917651638,15.696089786206114,15.697414588084392,20.172813978394657,]
image_corners2_y = [22.05606681799822,22.053730750686192,19.515697069980938,19.518033137292967,]