
Targets1_x = [10.229241491405325,10.12438327115646,9.919728331741299,9.415826710351071,9.14857309895162,9.169940506687201,8.696480217909839,8.173945625270992,]
Targets1_y = [20.99175560148404,21.573330916247066,21.26032770203816,21.573107521726453,21.246725584312657,20.756212540414786,21.113801282786827,21.013557774579297,]
Targets2_x = [9.183371993481057,9.791230021372215,10.067403667579732,10.230140102370608,10.387828200217493,10.643744492312434,10.725381431766706,11.003595049807954,]
Targets2_y = [
21.902219535790213,21.540521581890225,21.88641568752366,21.25133008038096,21.584951248617674,20.983378121392857,21.342647642922454,21.066712370444545,]
center1_x = [8.0413805089,11.2057724078]
center1_y = [20.6467877949,20.8206554817]
image_corners1_x = [10.173389679702717,5.711597964889666,5.9093713380897395,10.37116305290279,]
image_corners1_y = [22.08631631680204,21.737575935392577,19.20725927292771,19.555999654337175,]
image_corners2_x = [13.447928036261626,8.972555794228091,8.96361677936775,13.438989021401285,]
image_corners2_y = [22.081783392652387,22.097545855522785,19.55952757081568,19.54376510794528,]