
Targets1_x = [13.309289422295123,13.222157195153837,12.922495457578021,12.891723172324594,12.584346291704783,12.519584779074258,12.296823406302781,12.031760625560143,11.907452025634285,11.73561379727001,11.457355484154464,]
Targets1_y = [21.151653435719,21.63418977533346,21.82559893011163,21.495760841606415,21.89870131682638,21.52668211044085,21.933554648973313,21.139232617967323,21.8757048712754,21.127585411610827,21.3908305926652,]
Targets2_x = [12.85546419704481,13.325236780589298,13.747454266047468,13.818234204307412,14.326596225473622,]
Targets2_y = [
21.850338895863008,21.81074861988182,21.948549249880802,21.411731563905583,22.015343308781766,]
center1_x = [11.2057724078,14.5874989133]
center1_y = [20.8206554817,20.785881944]
image_corners1_x = [13.447928036261626,8.972555794228091,8.96361677936775,13.438989021401285,]
image_corners1_y = [22.081783392652387,22.097545855522785,19.55952757081568,19.54376510794528,]
image_corners2_x = [16.817838445767514,12.342512965840093,12.357159380856608,16.832484860784028,]
image_corners2_y = [22.067791082672954,22.041964570860504,19.5039728053062,19.529799317118655,]