Targets2_x = [12.150055509374342,12.210886809657644,12.551706035162564,12.582646319148182,12.85176046572093,12.963772205681211,13.255645177282187,13.248746802966627,13.625890951840107,13.59328544920911,13.925458748511954,14.115248990996555,14.131359091978727,]
Targets2_y = [
20.554306727682427,21.083219310395364,20.904504996882316,21.691945597746088,21.003844739697286,21.85924883211381,21.522603994601774,21.902484796450416,21.60018984679277,21.93187651220909,21.832005802223907,21.376978650943126,22.151320787374356,]
center2_x = [13.788409616208465]
center2_y = [21.804624780078854]
image_corners2_x = [15.370394602996724,11.155635593485561,12.009130243026442,16.223889252537603,15.370394602996724]
image_corners2_y = [23.983015840064464,22.47802027470738,20.087797774039423,21.592793339396508,23.983015840064464]