Targets2_x = [8.364294978082295,8.517654018638646,8.926615226992773,9.229675625245966,9.72993721280397,9.959968757324702,]
Targets2_y = [
20.838080514325103,20.92206962583395,21.035279219979017,21.38583100542712,21.101033067319566,21.43332500045548,]
center2_x = [10.174047878015093]
center2_y = [22.005521420620784]
image_corners2_x = [12.409070666267503,7.933670668855637,7.933756984559237,12.409156981971103,12.409070666267503]
image_corners2_y = [23.276620278269096,23.276468074911744,20.738434049914467,20.73858625327182,23.276620278269096]