Targets2_x = [15.306142363959117,15.553459414347897,16.05720924072591,]
Targets2_y = [
21.734196043908824,21.26587970400228,21.059363819262582,]
center2_x = [17.455445171332947]
center2_y = [20.579994219120138]
image_corners2_x = [19.69120887582728,15.215829803282949,15.223591456177468,19.698970528721794,19.69120887582728]
image_corners2_y = [21.860457927752357,21.84677154648169,19.308749388138974,19.32243576940964,21.860457927752357]