Targets2_x = [9.597861760565436,10.464794167798543,12.635904828233327,12.26537895731729,12.923053461870035,13.266368380879657,10.2552078682972,10.830648341873623,13.592713531808615,12.924691026317644,11.202918594349747,11.910038745504052,13.293868002189278,10.73474350816252,12.228001856763376,11.523053355619059,12.515462996253953,11.18583406367305,13.762126069038315,11.84215967318139,]
Targets2_y = [
21.490984459337085,21.629863242863816,22.0651387079065,21.94061488303343,22.08126188457091,22.068833159768065,21.24352670113723,21.391107975671023,21.934036369135026,21.70629384200598,21.213174799724992,21.388057952310565,21.741032296682228,21.03745300120673,21.17930235325836,20.99200636683705,21.242387020660477,20.847724057649145,21.477550233446877,20.89858568898981,]
center2_x = [11.720855823769867]
center2_y = [20.784920260181348]
image_corners2_x = [13.749325624854999,9.340884340651364,9.778275031990733,14.186716316194367,13.749325624854999]
image_corners2_y = [22.42073921808955,21.64947363236113,19.14941241258591,19.920677998314332,22.42073921808955]