Targets2_x = [16.211146406150256,15.330306674775096,15.672204093920877,15.003766446926226,15.220977345543117,14.535327511480402,14.1906443479757,13.52244586279883,13.62628129242883,]
Targets2_y = [
21.02478086605704,21.803401001755567,21.2432068641076,21.628099153600694,21.11678812595154,21.682553752317354,22.07087168250686,21.969931879505186,21.35092675385639,]
center2_x = [14.57011013277157]
center2_y = [20.781463562258583]
image_corners2_x = [16.778670029962775,12.307008062475465,12.410719664437046,16.882381631924353,16.778670029962775]
image_corners2_y = [22.12900678359886,21.946128658806607,19.410214499551046,19.593092624343303,22.12900678359886]