Targets2_x = [12.158888893092357,12.517707129486038,12.851689018816922,12.869320670143296,13.302377048717263,13.49527801361054,]
Targets2_y = [
21.390546702179392,21.32734638520105,21.405381260511337,20.986504732171305,21.412128114128365,21.129773120349768,]
center2_x = [13.08584885943028]
center2_y = [21.19931642314984]
image_corners2_x = [16.192124441740397,11.732768175767584,11.518054520999993,15.977410786972806,16.192124441740397]
image_corners2_y = [21.209405258688317,21.58801700326184,19.05908150271015,18.68046975813663,21.209405258688317]