Targets2_x = [8.748401276537216,9.346791532582298,9.582125004250331,9.780872163185412,9.905493372101398,10.240757114684572,10.18959856716079,10.52254251702412,]
Targets2_y = [
21.628623851181764,21.331502378305633,21.677047172406535,21.090569621438135,21.416070583167325,21.212039025493084,20.867828328835397,20.97208329872993,]
center2_x = [10.733696713020212]
center2_y = [20.667238901126517]
image_corners2_x = [12.914993075998131,8.451307302389539,8.634821192501189,13.098506966109781,12.914993075998131]
image_corners2_y = [22.153848835660433,21.830252676096887,19.29886187820922,19.622458037772763,22.153848835660433]