Targets2_x = [14.613751988632528,15.081460167285229,15.294975939733765,15.39225550044977,15.724088023629701,15.892835003832367,]
Targets2_y = [
21.66917809406973,21.680067724795666,21.242122224640603,21.88607233219274,21.381252201656263,22.43830981147909,]
center2_x = [16.718488166602356]
center2_y = [22.481084199248425]
image_corners2_x = [18.740150619864366,14.282582630896378,14.508923841083504,18.966491830051503,18.740150619864366]
image_corners2_y = [24.05388430354209,23.654769302912122,21.126847948109862,21.525962948739824,24.05388430354209]