Targets2_x = [15.433582077053089,15.708811726187463,16.267302784117927,]
Targets2_y = [
21.89948243360346,21.370868936993343,21.134277249874074,]
center2_x = [17.6211503794863]
center2_y = [20.69505797288691]
image_corners2_x = [19.858187673702293,15.382788283392026,15.384113085270304,19.85951247558057,19.858187673702293]
image_corners2_y = [21.965242846895553,21.962906779583523,19.42487309887827,19.4272091661903,21.965242846895553]