Targets2_x = [13.782884050746839,13.419564101512796,13.90763938108678,13.39790310726822,13.015978535750527,12.674038654398748,12.955968572478557,12.215677789008314,12.395813582397588,12.045746415555202,11.704548156053033,11.543485689940134,11.181883336901674,10.840169798540826,10.429713847996238,]
Targets2_y = [
22.016947715193105,22.23012721158373,21.449606112776387,21.83827588332279,22.301527893117914,22.329914804210947,21.858219281371788,22.243996430071387,21.37770142505836,21.35065328973068,21.64983303531793,21.082717775892142,21.245814065754043,21.560018773299912,21.831752280948987,]
center2_x = [11.51289849015509]
center2_y = [21.060835191021905]
image_corners2_x = [13.721234742536026,9.248464264859342,9.335454626938839,13.808225104615524,13.721234742536026]
image_corners2_y = [22.38583743039171,22.232444425258194,19.69590162128276,19.849294626416278,22.38583743039171]