Targets2_x = [8.973128796430359,9.530418138716822,9.706089389610403,9.937072692058683,10.016692915106153,10.319587487138245,10.332462255515338,10.604303840974506,]
Targets2_y = [
21.60695274818987,21.400409027069998,21.728217641796753,21.22811329625133,21.527776208183486,21.069524715334442,21.37882762300892,21.193069580797097,]
center2_x = [10.876319174282203]
center2_y = [20.822573738193288]
image_corners2_x = [12.922347761543257,8.517908433231549,8.968078895341051,13.37251822365276,12.922347761543257]
image_corners2_y = [22.617822854954273,21.82402227343451,19.326230593862658,20.120031175382415,22.617822854954273]