Targets2_x = [10.906186892500983,11.092171335529077,10.699481059119758,10.073596594762693,9.79477589321425,9.872823523465138,9.277874174857997,8.674670329005052,]
Targets2_y = [
21.65664160290538,20.984557918974733,21.266748537212393,21.579907430774036,21.167537200628228,20.593448625580894,20.96254723686219,20.788357502246363,]
center2_x = [8.849542573178473]
center2_y = [20.67429907463929]
image_corners2_x = [10.90701632643339,6.495821103238722,6.924189035930626,11.335384259125291,10.90701632643339]
image_corners2_y = [22.117952344154453,21.362596889507728,18.860973889586372,19.616329344233094,22.117952344154453]