Targets2_x = [15.446370479972884,15.721600129107259,16.280091187037723,]
Targets2_y = [
21.727351627888233,21.198738131278116,20.962146444158847,]
center2_x = [17.633938782406094]
center2_y = [20.522927167171684]
image_corners2_x = [19.87097607662209,15.395576686311822,15.3969014881901,19.872300878500365,19.87097607662209]
image_corners2_y = [21.793112041180326,21.790775973868296,19.252742293163042,19.25507836047507,21.793112041180326]