Targets2_x = [5.7093322376815285,6.232316172481635,7.6173926428576015,5.732101131030984,9.22844305451802,9.911677983278409,7.837581074409369,7.364625670915372,6.570585020377217,8.985707438212673,9.728691182383463,8.55586162445969,7.045779998648028,8.056591392660367,10.039467088672948,9.0288112304269,]
Targets2_y = [
21.32339393106629,21.093045896999357,21.271958081590846,20.914672290063113,21.38883719452676,21.421553878103165,20.962237839250626,20.861391502753367,20.728256206037013,21.061855583451973,21.110344450929592,20.912942305307627,20.648283346059777,20.79231124265441,20.86556367955529,20.589844989609308,]
center2_x = [7.876540041047251]
center2_y = [20.468217051715392]
image_corners2_x = [9.965728589983021,5.525546894136404,5.843325492056574,10.283507187903192,9.965728589983021]
image_corners2_y = [21.950393308306143,21.390043713973576,18.871982260752436,19.432331855085003,21.950393308306143]