Targets2_x = [12.733842782157424,13.245258847195295,13.69439950127797,14.317876174544697,13.803616494979666,14.64804616169905,15.087565794300726,15.389803536738885,15.300810561072748,15.720705366001607,16.229402318618053,]
Targets2_y = [
21.850941000021304,21.83650539297986,22.011398725573503,22.118861153893842,21.434023590118947,21.762089954494396,21.720221239913418,21.89064904434417,21.245851154256197,21.372946559889236,21.178969413752597,]
center2_x = [14.702630504950974]
center2_y = [20.899449980955083]
image_corners2_x = [16.892825616175994,12.425921815816293,12.582237532874355,17.049141333234058,16.892825616175994]
image_corners2_y = [22.26195216088271,21.986315446470332,19.453099680670878,19.728736395083263,22.26195216088271]