Targets2_x = [12.475636839141611,12.880157333157932,13.21982399631241,13.353960745556634,13.70258441534073,]
Targets2_y = [
21.537917346073506,21.569053396700525,21.744323013842592,21.298065730620987,21.88090905471133,]
center2_x = [14.108504521339661]
center2_y = [20.599352846488213]
image_corners2_x = [16.242546658797874,11.829161000521832,12.250210221974946,16.663595880250988,16.242546658797874]
image_corners2_y = [22.387466937635335,21.645016810473013,19.1421515978401,19.884601725002423,22.387466937635335]