Targets_x = [10.875528614604194,10.481283902874912,9.942733608721849,8.854959170835395,10.997487776713863,9.587296723165085,10.28273628773903,10.501371153908652,8.545184284197926,7.971316218417224,8.989569916257386,6.844598163727797,10.66431956186852,9.496224598012468,11.110682927659981,7.512756827945093,9.922684690140933,8.307169598312191,8.780745969145075,7.70951068671972,10.861528979274802,11.09927208389963,6.684858374764435,10.55459475689235,10.17827558509406,9.245945992130833,8.569478875381641,7.190456294338289,9.601373023400129,7.879700930742792,8.078432523249418,7.488548755954496,6.678517801677072,];
Targets_y = [
21.020239639565027,21.07004108331907,21.066133802595363,21.032027207657297,21.305564435813395,21.21655656358589,21.33031458562876,21.355889333514316,21.249663352673448,21.209051915852207,21.31834087077166,21.18463030362846,21.5510728304483,21.404614306512197,21.594447181921865,21.321713758563977,21.539778068743473,21.417749926621532,21.49295199517785,21.464381083831892,21.850765216767556,21.903291242721092,21.54552512317464,21.869204356357958,21.85251955597894,21.78389022462102,21.807389780596946,21.69960329220291,21.905016019070075,21.838334858581756,21.955699017225022,22.011423807887603,21.952353522901017,];
center_x = [8.953079300393002];
center_y = [20.916650637033495];
image_corners_x = [11.08508847119949,6.6232967563864396,6.821070129586513,11.282861844399564,11.08508847119949];
image_corners_y = [22.356179158970658,22.007438777561195,19.47712211509633,19.825862496505792,22.356179158970658];
