Targets_x = [11.227620748341632,12.280928133211283,9.958611605988079,9.434281505803918,10.576404632280218,10.699269194696367,12.661973538153664,10.932040057659325,11.659843673004971,11.960205633411514,13.237734430146494,12.992541646205812,10.15435507974747,9.219637531745155,9.503138963686052,10.653826439618078,11.385800492005835,11.060192433975127,12.134769158082142,12.820183078534066,11.631544515196238,12.443799756451115,11.826215307172385,9.715459897107175,10.316273208068864,13.336574560302724,13.146372172530695,12.639081381109387,11.116315105359423,12.846725333312982,13.354597160700212,11.831667003011145,10.000078705905615,9.111831899690529,12.508561269081643,11.412968477824974,9.59407027214298,10.36402520865274,12.225268414154153,10.65600159990076,];
Targets_y = [
21.865722064527063,21.870472434309047,21.870191571957236,21.92702936453036,21.927236838317715,21.981795182101454,21.96642228299377,22.014816016202015,22.07993398620091,22.087336263724794,22.09975708147647,22.14292149099142,22.19944862449653,22.236581405432847,22.26096339828718,22.290751288679925,22.33893423842267,22.369691625317998,22.408207747105568,22.448094517838395,22.452280956464655,22.474800654556418,22.4769758148391,22.492870156480304,22.533054894375145,22.539337588589387,22.58230831944903,22.672926762385845,22.69098026272559,22.777947504701718,22.85230025027086,22.823823415390972,22.834504434923026,22.854553212022196,22.846819860941952,22.846448505215488,22.85708482967324,22.87975351134601,22.881658294730784,22.908335737958655,];
center_x = [11.13421741566606];
center_y = [21.768759127491503];
image_corners_x = [13.376373044112997,8.901000802079462,8.892061787219122,13.367434029252657,13.376373044112997];
image_corners_y = [23.029887038409857,23.045649501280256,20.50763121657315,20.49186875370275,23.029887038409857];
