Targets_x = [15.458628040182168,14.611971696321657,12.044125919918946,14.019358635933518,15.000568987797683,12.521552923189372,14.3700081043847,13.709519978048226,13.248427063280834,12.930811932211133,14.728482867403683,15.06221239075117,14.440160301273425,14.037945444685246,14.722763828934413,11.896815657625266,12.751199653286799,12.281402659050615,14.988423000800012,13.440223613120192,13.173417138744968,14.691493997967742,14.251819532188605,13.752534687479427,12.534176586554889,];
Targets_y = [
21.80597020182099,21.915297692932096,21.942780265832965,21.983789962785615,22.01483316091421,22.042828358340653,22.061955803162864,22.163897392156667,22.16546661303792,22.227085605299713,22.250150108097518,22.32821830570799,22.366929796788177,22.42806057521609,22.508154860237177,22.546838339772467,22.564459258322465,22.608279520579575,22.65351226719532,22.648807940311173,22.702259888321446,22.795623052158138,22.750784477462705,22.773283933498334,22.787403585670024,];
center_x = [14.013437375317865];
center_y = [21.543822568706148];
image_corners_x = [16.24377690777332,11.768451427845898,11.783097842862412,16.258423322789834,16.24377690777332];
image_corners_y = [22.825731707389522,22.79990519557707,20.26191343002277,20.287739941835223,22.825731707389522];
