Targets_x = [15.629900456498817,15.071409398568353,14.783628685227669,15.172756313549257,14.796177541430847,];
Targets_y = [
21.20750447188179,21.44409615900106,21.706209495127734,21.778323585702385,21.976939711745686,];
center_x = [16.983745843864057];
center_y = [20.772515251029137];
image_corners_x = [19.22078313808005,14.745383747769784,14.746708549648062,19.222107939958327,19.22078313808005];
image_corners_y = [22.04270012503778,22.04036405772575,19.502330377020495,19.504666444332525,22.04270012503778];
