Targets_x = [15.62981919156766,15.071328133637197,14.783547420296513,15.172675048618101,14.796096276499691,];
Targets_y = [
21.22578479437474,21.462376481494008,21.724489817620682,21.796603908195333,21.995220034238635,];
center_x = [16.9836645789329];
center_y = [20.790795573522086];
image_corners_x = [19.220701873148894,14.745302482838628,14.746627284716906,19.22202667502717,19.220701873148894];
image_corners_y = [22.060980447530728,22.0586443802187,19.520610699513444,19.522946766825473,22.060980447530728];
