Targets_x = [10.34980771214728,11.403115097016931,9.080798569793727,8.556468469609566,9.698591596085866,9.821456158502015,11.784160501959311,10.054227021464973,10.78203063681062,11.082392597217162,12.359921393952142,12.11472861001146,9.276542043553118,8.341824495550803,8.6253259274917,9.776013403423725,10.507987455811483,10.182379397780775,11.25695612188779,11.942370042339714,10.753731479001885,11.565986720256763,10.948402270978033,8.837646860912823,9.438460171874512,12.458761524108372,12.268559136336343,11.761268344915035,10.23850206916507,11.96891229711863,12.47678412450586,10.953853966816792,9.122265669711263,8.234018863496177,11.63074823288729,10.535155441630621,8.716257235948628,9.486212172458387,11.3474553779598,9.778188563706408,];
Targets_y = [
20.865455340254588,20.870205710036572,20.86992484768476,20.926762640257884,20.92697011404524,20.98152845782898,20.966155558721294,21.01454929192954,21.079667261928435,21.08706953945232,21.099490357203994,21.142654766718945,21.199181900224055,21.236314681160373,21.260696674014707,21.29048456440745,21.338667514150195,21.369424901045523,21.407941022833093,21.44782779356592,21.45201423219218,21.474533930283943,21.476709090566626,21.49260343220783,21.53278817010267,21.539070864316912,21.582041595176555,21.67266003811337,21.690713538453114,21.777680780429243,21.852033525998387,21.823556691118497,21.83423771065055,21.85428648774972,21.846553136669478,21.846181780943013,21.856818105400766,21.879486787073535,21.88139157045831,21.90806901368618,];
center_x = [10.256404379471707];
center_y = [20.768492403219028];
image_corners_x = [12.498560007918645,8.02318776588511,8.01424875102477,12.489620993058304,12.498560007918645];
image_corners_y = [22.029620314137382,22.04538277700778,19.507364492300674,19.491602029430275,22.029620314137382];
