Targets_x = [12.102847007097441,13.156154391967092,10.833837864743888,10.309507764559728,11.451630891036027,11.574495453452176,13.537199796909473,11.807266316415134,12.53506993176078,12.835431892167323,14.112960688902303,13.867767904961621,11.029581338503279,10.094863790500964,10.378365222441861,11.529052698373887,12.261026750761644,11.935418692730936,13.00999541683795,13.695409337289876,12.506770773952047,13.319026015206925,12.701441565928194,10.590686155862985,11.191499466824673,14.211800819058533,14.021598431286504,13.514307639865196,11.991541364115232,13.721951592068791,14.229823419456022,12.706893261766954,10.875304964661424,9.987058158446338,13.383787527837452,12.288194736580783,10.46929653089879,11.239251467408549,13.100494672909962,11.53122785865657,];
Targets_y = [
21.425686460699026,21.43043683048101,21.4301559681292,21.486993760702322,21.487201234489678,21.541759578273417,21.526386679165732,21.57478041237398,21.639898382372873,21.647300659896757,21.659721477648432,21.702885887163383,21.759413020668493,21.79654580160481,21.820927794459145,21.850715684851888,21.898898634594634,21.92965602148996,21.96817214327753,22.00805891401036,22.01224535263662,22.03476505072838,22.036940211011064,22.052834552652268,22.093019290547108,22.09930198476135,22.142272715620994,22.23289115855781,22.250944658897552,22.33791190087368,22.412264646442825,22.383787811562936,22.39446883109499,22.41451760819416,22.406784257113916,22.40641290138745,22.417049225845204,22.439717907517974,22.441622690902747,22.46830013413062,];
center_x = [12.009443674421869];
center_y = [21.328723523663466];
image_corners_x = [14.251599302868806,9.776227060835271,9.767288045974931,14.242660288008466,14.251599302868806];
image_corners_y = [22.58985143458182,22.60561389745222,20.067595612745112,20.051833149874714,22.58985143458182];
