Targets_x = [10.811342317020644,10.417097605291362,9.878547311138298,8.790772873251845,10.933301479130312,9.523110425581535,10.21854999015548,10.437184856325102,8.480997986614376,7.907129920833673,8.925383618673836,6.780411866144246,10.60013326428497,9.432038300428918,11.046496630076431,7.448570530361542,9.858498392557383,8.24298330072864,8.716559671561525,7.645324389136169,10.797342681691251,11.03508578631608,6.620672077180884,10.4904084593088,10.11408928751051,9.181759694547283,8.505292577798091,7.126269996754738,9.537186725816579,7.815514633159241,8.014246225665868,7.424362458370945,6.614331504093521,];
Targets_y = [
21.181356161938368,21.23115760569241,21.227250324968704,21.193143730030638,21.466680958186735,21.37767308595923,21.4914311080021,21.517005855887657,21.41077987504679,21.370168438225548,21.479457393145,21.3457468260018,21.712189352821643,21.56573082888554,21.755563704295206,21.482830280937318,21.700894591116814,21.578866448994873,21.65406851755119,21.625497606205233,22.011881739140897,22.064407765094433,21.706641645547982,22.0303208787313,22.01363607835228,21.945006746994363,21.968506302970287,21.86071981457625,22.066132541443416,21.999451380955097,22.116815539598363,22.172540330260944,22.113470045274358,];
center_x = [8.888893002809452];
center_y = [21.077767159406836];
image_corners_x = [11.02090217361594,6.559110458802889,6.756883832002962,11.218675546816014,11.02090217361594];
image_corners_y = [22.517295681344,22.168555299934535,19.63823863746967,19.986979018879133,22.517295681344];
