Targets_x = [16.78992271143318,15.943266367572669,13.375420591169958,15.35065330718453,16.331863659048697,13.852847594440384,15.701302775635712,15.040814649299238,14.579721734531846,14.262106603462145,16.059777538654696,16.393507062002183,15.771454972524436,15.369240115936257,16.054058500185427,13.228110328876278,14.08249432453781,13.612697330301627,16.319717672051024,14.771518284371204,14.50471180999598,16.022788669218755,15.583114203439617,15.083829358730439,13.8654712578059,];
Targets_y = [
21.623024030902076,21.732351522013182,21.75983409491405,21.8008437918667,21.831886989995297,21.85988218742174,21.87900963224395,21.980951221237753,21.982520442119007,22.0441394343808,22.067203937178604,22.145272134789074,22.183983625869264,22.245114404297176,22.325208689318263,22.363892168853553,22.38151308740355,22.42533334966066,22.470566096276407,22.46586176939226,22.519313717402532,22.612676881239224,22.56783830654379,22.59033776257942,22.60445741475111,];
center_x = [15.344732046568877];
center_y = [21.360876397787234];
image_corners_x = [17.575071579024332,13.09974609909691,13.114392514113424,17.589717994040846,17.575071579024332];
image_corners_y = [22.64278553647061,22.616959024658158,20.078967259103855,20.10479377091631,22.64278553647061];
