Targets_x = [15.081939840843368,14.235283496982857,11.667437720580146,13.642670436594718,14.623880788458884,12.144864723850572,13.993319905045901,13.332831778709426,12.871738863942035,12.554123732872334,14.351794668064883,14.685524191412371,14.063472101934625,13.661257245346446,14.346075629595614,11.520127458286467,12.374511453948,11.904714459711816,14.611734801461212,13.063535413781393,12.796728939406169,14.314805798628942,13.875131332849806,13.375846488140628,12.15748838721609,];
Targets_y = [
21.057805924133945,21.16713341524505,21.19461598814592,21.23562568509857,21.266668883227165,21.294664080653607,21.313791525475818,21.41573311446962,21.417302335350875,21.478921327612667,21.501985830410472,21.580054028020943,21.61876551910113,21.679896297529044,21.75999058255013,21.79867406208542,21.81629498063542,21.86011524289253,21.905347989508275,21.900643662624127,21.9540956106344,22.047458774471092,22.00262019977566,22.025119655811288,22.039239307982978,];
center_x = [13.636749175979066];
center_y = [20.7956582910191];
image_corners_x = [15.867088708434519,11.391763228507099,11.406409643523613,15.881735123451033,15.867088708434519];
image_corners_y = [22.077567429702476,22.051740917890026,19.513749152335723,19.539575664148177,22.077567429702476];
