Targets_x = [10.896129837976572,10.50188512624729,9.963334832094226,8.875560394207772,11.01808900008624,9.607897946537463,10.303337511111408,10.52197237728103,8.565785507570306,7.991917441789602,9.010171139629763,6.8651993871001755,10.684920785240898,9.516825821384845,11.131284151032359,7.533358051317472,9.94328591351331,8.32777082168457,8.801347192517452,7.7301119100920985,10.88213020264718,11.119873307272007,6.705459598136813,10.575195980264727,10.198876808466437,9.266547215503211,8.590080098754019,7.2110575177106675,9.621974246772506,7.90030215411517,8.099033746621798,7.509149979326875,6.69911902504945,];
Targets_y = [
20.937024385848495,20.986825829602537,20.982918548878832,20.948811953940766,21.222349182096863,21.13334130986936,21.247099331912228,21.272674079797785,21.166448098956916,21.125836662135676,21.23512561705513,21.101415049911928,21.46785757673177,21.321399052795666,21.511231928205333,21.238498504847446,21.456562815026942,21.334534672905,21.40973674146132,21.38116583011536,21.767549963051025,21.82007598900456,21.46230986945811,21.785989102641427,21.76930430226241,21.70067497090449,21.724174526880415,21.616388038486377,21.821800765353544,21.755119604865225,21.87248376350849,21.92820855417107,21.869138269184486,];
center_x = [8.97368052376538];
center_y = [20.833435383316964];
image_corners_x = [11.105689694571868,6.643897979758818,6.841671352958891,11.303463067771942,11.105689694571868];
image_corners_y = [22.272963905254127,21.924223523844663,19.393906861379797,19.74264724278926,22.272963905254127];
