Targets_x = [15.082104144795837,14.235447800935326,11.667602024532615,13.642834740547187,14.624045092411352,12.14502902780304,13.99348420899837,13.332996082661895,12.871903167894503,12.554288036824802,14.351958972017352,14.68568849536484,14.063636405887094,13.661421549298915,14.346239933548082,11.520291762238935,12.374675757900468,11.904878763664284,14.61189910541368,13.063699717733861,12.796893243358637,14.31497010258141,13.875295636802274,13.376010792093096,12.157652691168558,];
Targets_y = [
21.02783121467682,21.137158705787925,21.164641278688794,21.205650975641444,21.23669417377004,21.264689371196482,21.283816816018692,21.385758405012496,21.38732762589375,21.448946618155542,21.472011120953347,21.550079318563817,21.588790809644006,21.64992158807192,21.730015873093006,21.768699352628296,21.786320271178294,21.830140533435404,21.87537328005115,21.870668953167,21.924120901177275,22.017484065013967,21.972645490318534,21.995144946354163,22.009264598525853,];
center_x = [13.636913479931534];
center_y = [20.765683581561976];
image_corners_x = [15.867253012386987,11.391927532459567,11.406573947476081,15.881899427403502,15.867253012386987];
image_corners_y = [22.04759272024535,22.0217662084329,19.483774442878598,19.509600954691052,22.04759272024535];
