Targets_x = [14.266661731364573,13.551838111917386,14.757519598176795,13.966506916237867,14.440712800146455,14.846990276990239,14.081344146817909,13.573799909720533,14.441207978440305,14.767210768674854,13.866313042287617,14.403701471418382,15.047019992929727,];
Targets_y = [
21.105406606763786,21.14040930921801,21.21036009750927,21.215876236697888,21.48582923102342,21.60361042465458,21.60062519674564,21.639520953980863,21.790392911653885,21.967525493012957,22.032441162263606,22.137319000769754,22.35200623148487,];
center_x = [15.732281396871967];
center_y = [22.34666202920384];
image_corners_x = [17.97204168217294,13.496647597353075,13.49252111157099,17.96791519639086,17.97204168217294];
image_corners_y = [23.61203918019957,23.619315550128643,21.081284878208116,21.07400850827904,23.61203918019957];
