Targets_x = [14.266868460078332,13.552044840631144,14.757726326890554,13.966713644951625,14.440919528860213,14.847197005703997,14.081550875531667,13.574006638434291,14.441414707154063,14.767417497388612,13.866519771001375,14.40390820013214,15.047226721643485,];
Targets_y = [
21.099468077592554,21.13447078004678,21.204421568338038,21.209937707526656,21.479890701852188,21.597671895483348,21.594686667574408,21.63358242480963,21.784454382482654,21.961586963841725,22.026502633092374,22.131380471598522,22.34606770231364,];
center_x = [15.732488125585725];
center_y = [22.34072350003261];
image_corners_x = [17.9722484108867,13.496854326066833,13.492727840284749,17.96812192510462,17.9722484108867];
image_corners_y = [23.60610065102834,23.61337702095741,21.075346349036884,21.068069979107808,23.60610065102834];
