Targets_x = [14.36162313074241,14.765411124242812,13.74421070326335,11.816715881433014,14.109234712039838,10.535404046074902,12.271434419633195,13.420722547297084,14.456724640511906,12.964013215954203,12.662685045694554,14.7872397625035,11.444886707750863,11.081619440480708,14.156320426281024,13.740086235892786,14.43724535234039,10.751514585969543,14.706790918625849,12.479958719678566,11.675109015488466,10.375664365984738,12.040549417003735,13.13377353127566,11.065237242583072,11.307307013367318,12.879582785791152,13.951759336745996,13.450456522336264,14.40559950419301,12.281135957935268,12.53634182999975,13.198530081648075,10.445508799773735,12.139073239234689,11.3363510840141,11.81290438573332,10.81779382621192,];
Targets_y = [
21.234232347910567,21.363438602242883,21.287928635438302,21.13552276778598,21.379294861075472,21.068288945223063,21.265516222320255,21.46421447875345,21.604949099203186,21.440291626282146,21.478496337182115,21.701403208256934,21.370787373664562,21.347606136119616,21.71975782352221,21.759348468465337,21.887819233129648,21.633755701422373,22.04200292653049,21.821731167715168,21.750619179934763,21.65183680503403,21.837775892908518,21.958666542981913,21.771055758893947,21.816254101060345,21.993032548681647,22.11184123506113,22.109011531182517,22.207742195549294,22.069858363220366,22.197119409685584,22.292376051056948,22.02005519989396,22.259839581639692,22.210191549915155,22.29133642344356,22.20990578774483,];
center_x = [12.524175270023886];
center_y = [22.23417223817877];
image_corners_x = [14.626089647336773,10.1724252494422,10.422260892711,14.87592529060557,14.626089647336773];
image_corners_y = [23.717297796019018,23.27675427838837,20.75104668033852,21.191590197969166,23.717297796019018];
