Targets_x = [10.41241398809435,11.465721372964001,9.143404845740797,8.619074745556636,9.761197872032936,9.884062434449085,11.846766777906382,10.116833297412043,10.84463691275769,11.144998873164232,12.422527669899212,12.17733488595853,9.339148319500188,8.404430771497873,8.68793220343877,9.838619679370796,10.570593731758553,10.244985673727845,11.31956239783486,12.004976318286785,10.816337754948956,11.628592996203833,11.011008546925103,8.900253136859893,9.501066447821582,12.521367800055442,12.331165412283413,11.823874620862105,10.30110834511214,12.0315185730657,12.53939040045293,11.016460242763863,9.184871945658333,8.296625139443247,11.69335450883436,10.597761717577692,8.778863511895699,9.548818448405457,11.41006165390687,9.840794839653478,];
Targets_y = [
21.260655201764845,21.26540557154683,21.265124709195018,21.32196250176814,21.322169975555497,21.376728319339236,21.36135542023155,21.409749153439797,21.474867123438692,21.482269400962576,21.49469021871425,21.5378546282292,21.59438176173431,21.63151454267063,21.655896535524963,21.685684425917707,21.733867375660452,21.76462476255578,21.80314088434335,21.843027655076177,21.847214093702437,21.8697337917942,21.871908952076883,21.887803293718086,21.927988031612927,21.93427072582717,21.977241456686812,22.067859899623627,22.08591339996337,22.1728806419395,22.247233387508643,22.218756552628754,22.22943757216081,22.24948634925998,22.241752998179734,22.24138164245327,22.252017966911023,22.274686648583792,22.276591431968566,22.303268875196437,];
center_x = [10.319010655418777];
center_y = [21.163692264729285];
image_corners_x = [12.561166283865715,8.08579404183218,8.07685502697184,12.552227269005375,12.561166283865715];
image_corners_y = [22.42482017564764,22.440582638518038,19.90256435381093,19.886801890940532,22.42482017564764];
