Targets_x = [15.151876980820056,14.305220636959545,11.737374860556834,13.712607576571406,14.693817928435571,12.21480186382726,14.063257045022588,13.402768918686114,12.941676003918722,12.624060872849022,14.42173180804157,14.755461331389059,14.133409241911313,13.731194385323134,14.416012769572301,11.590064598263154,12.444448593924687,11.974651599688503,14.6816719414379,13.13347255375808,12.866666079382856,14.38474293860563,13.945068472826494,13.445783628117315,12.227425527192777,];
Targets_y = [
21.40606562045542,21.515393111566524,21.542875684467393,21.583885381420043,21.61492857954864,21.64292377697508,21.66205122179729,21.763992810791095,21.76556203167235,21.82718102393414,21.850245526731946,21.928313724342416,21.967025215422606,22.02815599385052,22.108250278871605,22.146933758406895,22.164554676956893,22.208374939214004,22.25360768582975,22.2489033589456,22.302355306955874,22.395718470792566,22.350879896097133,22.373379352132762,22.387499004304452,];
center_x = [13.706686315955753];
center_y = [21.143917987340576];
image_corners_x = [15.937025848411206,11.461700368483786,11.4763467835003,15.95167226342772,15.937025848411206];
image_corners_y = [22.42582712602395,22.4000006142115,19.862008848657197,19.88783536046965,22.42582712602395];
