Targets_x = [12.213775204538218,13.267082589407869,10.944766062184664,10.420435962000504,11.562559088476803,11.685423650892952,13.648127994350249,11.91819451385591,12.645998129201557,12.946360089608099,14.22388888634308,13.978696102402397,11.140509535944055,10.20579198794174,10.489293419882637,11.639980895814663,12.37195494820242,12.046346890171712,13.120923614278727,13.806337534730652,12.617698971392823,13.4299542126477,12.81236976336897,10.70161435330376,11.30242766426545,14.32272901649931,14.13252662872728,13.625235837305972,12.102469561556008,13.832879789509567,14.340751616896798,12.81782145920773,10.9862331621022,10.097986355887114,13.494715725278228,12.399122934021559,10.580224728339566,11.350179664849325,13.211422870350738,11.642156056097345,];
Targets_y = [
21.177480806127193,21.182231175909177,21.181950313557365,21.23878810613049,21.238995579917844,21.293553923701584,21.2781810245939,21.326574757802145,21.39169272780104,21.399095005324924,21.4115158230766,21.45468023259155,21.51120736609666,21.548340147032977,21.57272213988731,21.602510030280055,21.6506929800228,21.681450366918128,21.719966488705698,21.759853259438525,21.764039698064785,21.786559396156548,21.78873455643923,21.804628898080434,21.844813635975274,21.851096330189517,21.89406706104916,21.984685503985975,22.00273900432572,22.089706246301848,22.16405899187099,22.135582156991102,22.146263176523156,22.166311953622326,22.158578602542082,22.158207246815618,22.16884357127337,22.19151225294614,22.193417036330914,22.220094479558785,];
center_x = [12.120371871862645];
center_y = [21.080517869091633];
image_corners_x = [14.362527500309582,9.887155258276048,9.878216243415707,14.353588485449242,14.362527500309582];
image_corners_y = [22.341645780009987,22.357408242880386,19.81938995817328,19.80362749530288,22.341645780009987];
