Targets_x = [14.26664590702075,13.551822287573563,14.757503773832973,13.966491091894044,14.440696975802632,14.846974452646416,14.081328322474086,13.57378408537671,14.441192154096482,14.767194944331031,13.866297217943794,14.403685647074559,15.047004168585904,];
Targets_y = [
21.105910279536914,21.14091298199114,21.210863770282398,21.216379909471016,21.486332903796548,21.604114097427708,21.601128869518767,21.64002462675399,21.790896584427013,21.968029165786085,22.032944835036734,22.137822673542882,22.352509904258,];
center_x = [15.732265572528144];
center_y = [22.34716570197697];
image_corners_x = [17.97202585782912,13.496631773009252,13.492505287227168,17.96789937204704,17.97202585782912];
image_corners_y = [23.612542852972698,23.61981922290177,21.081788550981244,21.074512181052167,23.612542852972698];
