Targets_x = [9.873150446318055,9.478905734588773,8.94035544043571,7.852581002549256,9.995109608427724,8.584918554878946,9.280358119452892,9.498992985622513,7.542806115911788,6.968938050131085,7.987191747971247,5.842219995441658,9.661941393582381,8.493846429726329,10.108304759373842,6.510378659658954,8.920306521854794,7.304791430026053,7.778367800858936,6.707132518433581,9.859150810988663,10.09689391561349,5.682480206478296,9.55221658860621,9.17589741680792,8.243567823844694,7.567100707095502,6.18807812605215,8.59899485511399,6.877322762456653,7.07605435496328,6.486170587668357,5.676139633390933,];
Targets_y = [
21.696842798172504,21.746644241926546,21.74273696120284,21.708630366264774,21.982167594420872,21.893159722193367,22.006917744236237,22.032492492121794,21.926266511280925,21.885655074459684,21.994944029379138,21.861233462235937,22.22767598905578,22.081217465119675,22.271050340529342,21.998316917171454,22.21638122735095,22.09435308522901,22.16955515378533,22.14098424243937,22.527368375375033,22.57989440132857,22.22212828178212,22.545807514965436,22.529122714586418,22.4604933832285,22.483992939204423,22.376206450810386,22.581619177677553,22.514938017189234,22.6323021758325,22.68802696649508,22.628956681508495,];
center_x = [7.950701132106863];
center_y = [21.593253795640972];
image_corners_x = [10.082710302913352,5.6209185881003005,5.818691961300374,10.280483676113425,10.082710302913352];
image_corners_y = [23.032782317578135,22.684041936168672,20.153725273703806,20.50246565511327,23.032782317578135];
