Targets_x = [8.120319268199337,11.618614944979795,9.23289533483037,11.919009994858568,10.125525760853858,9.507989111873838,8.298374868489633,10.603976411022927,8.776841296832753,11.327673974634846,10.997779180984608,9.707731306503222,12.068370538254074,11.56929043140743,10.283362136991938,11.76401369004993,12.356312178890851,7.935996779533811,11.049817540493994,9.133678293419752,8.38924082591189,9.599170632777144,9.97988886653473,10.322805083692854,11.342367884592292,11.765386391192493,10.597930417084427,12.146404410257073,];
Targets_y = [
20.93161540984033,20.935486969036003,20.948615886485843,20.951286827815327,20.970666855466344,20.98566055073079,21.036703408636665,21.091554713042004,21.161821293496583,21.186147272817053,21.200068052245925,21.234490586321748,21.301826856317195,21.320608789992427,21.325405354904373,21.35795323954437,21.381124458882596,21.414532759904446,21.542510924182476,21.566578546165278,21.58204558665129,21.615603274430647,21.61841326605019,21.69327572506865,21.7233134033961,21.725965613275118,21.738780443882117,21.80914612329563,];
center_x = [10.15115689870606];
center_y = [22.171915713326346];
image_corners_x = [12.393574784296117,7.918205917547468,7.908739013116001,12.38410787986465,12.393574784296117];
image_corners_y = [23.43257724453105,23.44927055267853,20.91125418212164,20.89456087397416,23.43257724453105];
