Targets_x = [15.099705909118962,14.25304956525845,11.68520378885574,13.660436504870312,14.641646856734477,12.162630792126166,14.011085973321494,13.35059784698502,12.889504932217628,12.571889801147927,14.369560736340476,14.703290259687964,14.081238170210218,13.67902331362204,14.363841697871207,11.53789352656206,12.392277522223592,11.922480527987409,14.629500869736805,13.081301482056986,12.814495007681762,14.332571866904535,13.8928974011254,13.39361255641622,12.175254455491682,];
Targets_y = [
21.23122923123125,21.340556722342356,21.368039295243225,21.409048992195874,21.44009219032447,21.468087387750913,21.487214832573123,21.589156421566926,21.59072564244818,21.652344634709973,21.675409137507778,21.753477335118248,21.792188826198437,21.85331960462635,21.933413889647436,21.972097369182727,21.989718287732725,22.033538549989835,22.07877129660558,22.074066969721432,22.127518917731706,22.220882081568398,22.176043506872965,22.198542962908594,22.212662615080284,];
center_x = [13.65451524425466];
center_y = [20.969081598116407];
image_corners_x = [15.884854776710112,11.409529296782692,11.424175711799206,15.899501191726626,15.884854776710112];
image_corners_y = [22.250990736799782,22.22516422498733,19.68717245943303,19.712998971245483,22.250990736799782];
