Targets_x = [15.629806494935147,15.071315437004683,14.783534723664,15.172662351985588,14.796083579867178,];
Targets_y = [
21.220871164842233,21.457462851961502,21.719576188088176,21.791690278662827,21.99030640470613,];
center_x = [16.983651882300386];
center_y = [20.78588194398958];
image_corners_x = [19.22068917651638,14.745289786206115,14.746614588084393,19.222013978394656,19.22068917651638];
image_corners_y = [22.05606681799822,22.053730750686192,19.515697069980938,19.518033137292967,22.05606681799822];
