Targets_x = [14.361768234660603,14.765556228161005,13.744355807181543,11.816860985351207,14.10937981595803,10.535549149993095,12.271579523551388,13.420867651215277,14.456869744430099,12.964158319872396,12.662830149612747,14.787384866421693,11.445031811669056,11.0817645443989,14.156465530199217,13.740231339810979,14.437390456258584,10.751659689887736,14.706936022544042,12.480103823596759,11.67525411940666,10.375809469902931,12.040694520921928,13.133918635193853,11.065382346501265,11.30745211728551,12.879727889709345,13.951904440664189,13.450601626254457,14.405744608111203,12.281281061853461,12.536486933917944,13.198675185566268,10.445653903691928,12.139218343152882,11.336496187932292,11.813049489651513,10.817938930130113,];
Targets_y = [
21.228434994882367,21.357641249214684,21.282131282410102,21.12972541475778,21.373497508047272,21.062491592194863,21.259718869292055,21.45841712572525,21.599151746174986,21.434494273253947,21.472698984153915,21.695605855228735,21.364990020636363,21.341808783091416,21.713960470494012,21.753551115437137,21.882021880101448,21.627958348394174,22.03620557350229,21.815933814686968,21.744821826906563,21.64603945200583,21.831978539880318,21.952869189953713,21.765258405865747,21.810456748032145,21.987235195653447,22.10604388203293,22.103214178154317,22.201944842521094,22.064061010192166,22.191322056657384,22.286578698028748,22.01425784686576,22.254042228611493,22.204394196886955,22.28553907041536,22.20410843471663,];
center_x = [12.524320373942079];
center_y = [22.22837488515057];
image_corners_x = [14.626234751254966,10.172570353360394,10.422405996629193,14.876070394523763,14.626234751254966];
image_corners_y = [23.71150044299082,23.27095692536017,20.74524932731032,21.185792844940966,23.71150044299082];
