Targets_x = [18.56839091615784,18.49647995207466,18.33996785377599,18.229986379295834,18.14115518836956,18.060784110864834,18.065014167575608,18.001563316913984,17.900041955855382,17.861971445458405,17.79852059479678,17.751989970978254,17.65469866663043,17.57855764583648,17.481266341488652,17.477036284777878,17.3882050938516,17.290913789503776,17.24438316568525,17.299373902925325,17.2190028254206,17.176702258312847,16.98634970632797,16.93558902579867,16.92712891237712,16.897518515401696,16.829837608029294,16.779076927499993,16.584494318804342,16.554883921828917,16.47451284432419,16.48297295774574,16.436442333927214,16.309540632603966,16.19955915812381,16.098037797065214,];
Targets_y = [
18.33687709300778,17.54162643138207,18.734502423820633,18.32418692287545,16.928268208319686,18.0450031799643,17.486635694141995,18.751422650663734,16.85212718752574,17.841960457847097,17.224372178073942,16.547563104349933,18.0450031799643,16.048416412478478,17.765819437053146,16.632164238565434,18.243815845370726,17.08901036332914,18.341107149718553,17.49932586427432,17.875800911533297,18.920624919094735,16.649084465408535,17.393574446504942,15.566189947450123,18.32418692287545,17.88426102495485,15.8073031799643,18.603370665786606,17.050939852932164,17.905411308508725,16.221848737620256,18.370717546693978,17.56700677164672,16.551793161060708,17.32166348242177,];
center_x = [17.324754243189975];
center_y = [16.70407520264861];
image_corners_x = [16.05573722995746,16.05573722995746,18.59377125642249,18.59377125642249,16.05573722995746];
image_corners_y = [18.94177520264861,14.46637520264861,14.46637520264861,18.94177520264861,18.94177520264861];
