Targets_x = [16.963501385560214,17.026307823901092,17.120729869423652,17.216214161198593,17.321501387770354,17.42878482909293,17.436569018498407,17.543550549237903,17.618592031572103,17.754656725497895,17.8671423448214,17.87385527571829,17.940355539125257,18.182703313934166,18.198677244274634,18.28104779707564,18.286192595391757,18.4140990912793,18.474167003712488,18.582904724432634,18.67115006830288,18.97745334411961,18.980493780610377,];
Targets_y = [
17.963132486455763,18.56809784480256,17.290720577799807,18.98707599732323,19.42288424452445,17.984778432100715,18.6192955909568,17.46460341734767,18.496817779456034,17.837073503091545,19.457305969535412,17.126550550486648,18.234896877930783,17.076118846110372,17.96444827586262,20.05841528220431,19.19971876326726,18.25655183583195,17.461364711220256,18.62897686029477,19.178978549371546,17.546502026678148,18.66324087082203,];
center_x = [18.117012953605656];
center_y = [19.1783882465897];
image_corners_x = [16.845612918638007,16.850380402173812,19.388412988573307,19.3836455050375,16.845612918638007];
image_corners_y = [21.41473513850022,16.93933767781578,16.942041354679183,21.417438815363624,21.41473513850022];
