Targets_x = [16.376454910366057,16.367994796944508,16.283393662729008,16.190332415091955,16.10996133758723,16.02536020337173,15.987289692974754,15.775786857436001,15.6404250426912,15.412001980309348,14.967846025677968,];
Targets_y = [
16.038361014024446,15.04429768699231,17.878435683211592,17.057804681321233,17.60771205372199,16.664409407219154,15.471533414780591,16.389455721018777,17.561181429903463,17.049344567899684,17.544261203060362,];
center_x = [15.2047292015];
center_y = [16.0045205603];
image_corners_x = [13.935712188248857,13.935712188248857,16.473746214713884,16.473746214713884,13.935712188248857];
image_corners_y = [18.242220560338247,13.766820560338246,13.766820560338246,18.242220560338247,18.242220560338247];
