Targets_x = [19.36064962657352,19.288738662490342,19.13222656419167,19.022245089711515,18.93341389878524,18.853042821280514,18.85727287799129,18.793822027329664,18.692300666271063,18.654230155874085,18.59077930521246,18.544248681393935,18.44695737704611,18.37081635625216,18.273525051904333,18.269294995193558,18.18046380426728,18.083172499919456,18.03664187610093,18.091632613341005,18.01126153583628,17.968960968728528,17.77860841674365,17.72784773621435,17.7193876227928,17.689777225817377,17.622096318444974,17.571335637915674,17.376753029220023,17.347142632244598,17.266771554739872,17.27523166816142,17.228701044342895,17.101799343019646,16.991817868539492,16.890296507480894,];
Targets_y = [
17.81119013694887,17.01593947532316,18.208815467761724,17.798499966816543,16.402581252260777,17.519316223905392,16.960948738083086,18.225735694604825,16.32644023146683,17.31627350178819,16.698685222015033,16.021876148291025,17.519316223905392,15.522729456419569,17.240132480994237,16.106477282506525,17.718128889311817,16.563323407270232,17.815420193659644,16.97363890821541,17.350113955474388,18.394937963035826,16.123397509349626,16.867887490446034,15.040502991391214,17.798499966816543,17.35857406889594,15.281616223905392,18.077683709727697,16.525252896873255,17.379724352449816,15.696161781561345,17.84503059063507,17.041319815587812,16.0261062050018,16.79597652636286,];
center_x = [18.1170129536];
center_y = [16.1783882466];
image_corners_x = [16.847995940373142,16.847995940373142,19.38602996683817,19.38602996683817,16.847995940373142];
image_corners_y = [18.416088246589702,13.940688246589701,13.940688246589701,18.416088246589702,18.416088246589702];
