Targets_x = [18.632209148865453,18.627979092154675,18.323415008978873,18.2345838180526,18.124602343572445,18.065381549621595,17.93424979158757,17.938479848298343,17.849648657372068,17.832728430528967,17.59161519801479,17.519704233931616,17.52393429064239,17.405492702740688,17.270130887995887,17.193989867201935,17.08823844943256,17.07977833601101,16.974026918241634,16.868275500472258,16.77098419612443,16.67792294848738,16.614472097825754,];
Targets_y = [
18.279030012877794,17.162295041233183,18.79509693159235,18.245189559191594,17.077693907017682,17.87294456864339,19.67494872743356,18.816247215146227,17.581070655599913,16.69275874633715,17.851794285089515,19.074280674503505,16.743519426866452,17.45416895427666,18.114057801157568,17.081923963728457,18.236729445770045,17.60222093915379,19.040440220817302,18.604744379607475,16.908491638586682,18.185968765240744,17.581070655599913,];
center_x = [17.7692775799];
center_y = [18.7950969316];
image_corners_x = [16.50026056663483,16.50026056663483,19.038294593099856,19.038294593099856,16.50026056663483];
image_corners_y = [21.03279693159235,16.55739693159235,16.55739693159235,21.03279693159235,21.03279693159235];
