Targets_x = [18.065166029165933,];
Targets_y = [
19.953725167438254,];
center_x = [18.117012953605656];
center_y = [22.1783882465897];
image_corners_x = [16.866147785770607,16.82992721800243,19.367878121440707,19.40409868920888,16.866147785770607];
image_corners_y = [24.426285442141705,19.951032015745547,19.9304910510377,24.405744477433856,24.426285442141705];
