
Targets1_x = [16.36064979341078,16.015250909450145,16.036006732071822,16.05319154911209,15.926741455615542,15.880724475016166,15.717380550295742,]
Targets1_y = [16.199286826207306,18.009047803506434,17.183417842263122,15.58429697124664,16.771062689892442,17.71703291791567,16.46437979848765,]
Targets2_x = [16.963501385560214,17.026307823901092,17.120729869423652,17.216214161198593,17.321501387770354,17.42878482909293,17.436569018498407,17.543550549237903,17.618592031572103,]
Targets2_y = [
17.963132486455763,18.56809784480256,17.290720577799807,18.98707599732323,19.42288424452445,17.984778432100715,18.6192955909568,17.46460341734767,18.496817779456034,]
center1_x = [15.20472920148137,18.117012953605656]
center1_y = [16.004520560338246,19.1783882465897]
image_corners1_x = [13.639843475972986,14.255728499127333,16.769614926989757,16.15372990383541,]
image_corners1_y = [18.046293842554874,13.613474108090799,13.962747278121618,18.395567012585694,]
image_corners2_x = [16.845612918638007,16.850380402173812,19.388412988573307,19.3836455050375,]
image_corners2_y = [21.41473513850022,16.93933767781578,16.942041354679183,21.417438815363624,]