
Targets1_x = [18.965607893471418,18.626938915679098,17.791140166855612,]
Targets1_y = [18.283900061714387,18.27354399458856,18.375845632424344,]
Targets2_x = [18.065166029165933,]
Targets2_y = [
19.953725167438254,]
center1_x = [18.117012953605656,18.117012953605656]
center1_y = [16.1783882465897,22.1783882465897]
image_corners1_x = [16.672106391224386,17.032110230929362,19.561919515986926,19.20191567628195,]
image_corners1_y = [18.3067562824005,13.845859243082321,14.050020210778905,18.51091725009708,]
image_corners2_x = [16.866147785770607,16.82992721800243,19.367878121440707,19.40409868920888,]
image_corners2_y = [24.426285442141705,19.951032015745547,19.9304910510377,24.405744477433856,]