
Targets1_x = [15.670191340557658,]
Targets1_y = [17.111332269991067,]
Targets2_x = [17.93424979158757,]
Targets2_y = [
19.67494872743356,]
center1_x = [14.4223246109,17.7692775799]
center1_y = [18.6299226292,18.7950969316]
image_corners1_x = [13.153307597646505,13.153307597646505,15.691341624111532,15.691341624111532,]
image_corners1_y = [20.86762262915931,16.39222262915931,16.39222262915931,20.86762262915931,]
image_corners2_x = [16.50026056663483,16.50026056663483,19.038294593099856,19.038294593099856,]
image_corners2_y = [21.03279693159235,16.55739693159235,16.55739693159235,21.03279693159235,]