
Targets1_x = [18.965607893471418,19.225275947399062,18.626938915679098,18.8889888475632,19.21756845420069,18.742792601672654,17.791140166855612,18.560957085092205,18.338023116063447,18.79192436337433,18.056400531996168,17.905218502081205,18.18761052136447,18.912734054819307,17.56083897290798,18.547391021771936,17.917349919975003,17.22637145463759,18.678527001769737,18.02774442421015,17.09751400171475,17.528765293040518,18.5554541095983,18.05231774970424,17.67364513367259,17.17289065173499,18.274586071460515,17.03567451056579,18.422735465433032,17.78412853656474,17.321735471552994,17.31675012459058,17.007713828625263,17.64524083257107,]
Targets1_y = [18.283900061714387,17.90593776081473,18.27354399458856,17.866067252029893,17.10747962407862,17.574177499493793,18.375845632424344,17.355800147552955,17.54151174466234,17.017959725060624,17.718243237050373,17.80365013814144,17.24928172384674,16.467526511378853,17.75888274398919,16.735109197329866,17.337810159537252,18.011981912662943,16.372236940895952,16.96902021289744,17.768173338417032,17.314938175440638,16.056750436906743,16.559353841920814,16.834348420650198,17.30743738400526,16.118959974908197,16.95685901643064,15.545270278052822,16.096354249720576,16.462200022012937,15.630011094809396,15.93608832714076,15.240627691147928,]
Targets2_x = [17.120729869423652,16.963501385560214,17.87385527571829,17.543550549237903,18.182703313934166,17.42878482909293,17.754656725497895,17.026307823901092,18.474167003712488,17.436569018498407,17.618592031572103,18.198677244274634,17.940355539125257,17.216214161198593,18.97745334411961,18.4140990912793,17.321501387770354,18.582904724432634,17.8671423448214,18.286192595391757,18.980493780610377,18.67115006830288,18.28104779707564,]
Targets2_y = [
17.290720577799807,17.963132486455763,17.126550550486648,17.46460341734767,17.076118846110372,17.984778432100715,17.837073503091545,18.56809784480256,17.461364711220256,18.6192955909568,18.496817779456034,17.96444827586262,18.234896877930783,18.98707599732323,17.546502026678148,18.25655183583195,19.42288424452445,18.62897686029477,19.457305969535412,19.19971876326726,18.66324087082203,19.178978549371546,20.05841528220431,]
center1_x = [18.117012953605656,18.117012953605656]
center1_y = [16.1783882465897,19.1783882465897]
image_corners1_x = [16.672106391224386,17.032110230929362,19.561919515986926,19.20191567628195,]
image_corners1_y = [18.3067562824005,13.845859243082321,14.050020210778905,18.51091725009708,]
image_corners2_x = [16.845612918638007,16.850380402173812,19.388412988573307,19.3836455050375,]
image_corners2_y = [21.41473513850022,16.93933767781578,16.942041354679183,21.417438815363624,]