
Targets1_x = [16.376454910366057,16.02536020337173,16.190332415091955,16.10996133758723,16.283393662729008,]
Targets1_y = [16.038361014024446,16.664409407219154,17.057804681321233,17.60771205372199,17.878435683211592,]
Targets2_x = [17.93424979158757,17.519704233931616,16.974026918241634,17.938479848298343,18.323415008978873,16.868275500472258,]
Targets2_y = [
19.67494872743356,19.074280674503505,19.040440220817302,18.816247215146227,18.79509693159235,18.604744379607475,]
center1_x = [15.2047292015,17.7692775799]
center1_y = [16.0045205603,18.7950969316]
image_corners1_x = [13.935712188248857,13.935712188248857,16.473746214713884,16.473746214713884,]
image_corners1_y = [18.242220560338247,13.766820560338246,13.766820560338246,18.242220560338247,]
image_corners2_x = [16.50026056663483,16.50026056663483,19.038294593099856,19.038294593099856,]
image_corners2_y = [21.03279693159235,16.55739693159235,16.55739693159235,21.03279693159235,]