Targets2_x = [15.998316093374871,15.892475902956667,16.529139397495708,16.357188263622316,16.01169682816504,15.907630165798249,15.741183976420016,16.697690958118937,16.36724685975756,16.857149961037205,17.37556594158578,16.75408252142007,16.240987125025725,16.557932496894715,17.713620355687308,17.15586596722041,15.976594974268437,17.033046362845713,16.899626147269526,17.676604863674257,17.557973883426715,17.396682356605925,18.00947143089898,]
Targets2_y = [
17.856587298223197,17.600273736845992,18.274491045295413,17.634981058528982,17.146195171701205,16.782201523215676,16.502205274721018,17.7125074755944,17.187506213587085,17.641367234071584,18.251464671777505,17.247312095713603,16.314174396682706,16.7201538393978,18.293999853860928,17.4911925219868,15.757662587157498,17.184357369316547,16.88860584706295,17.868434167985065,17.562340136297223,17.32645349202126,17.94028971895854,]
center2_x = [17.064088636723667]
center2_y = [16.105591237053336]
image_corners2_x = [15.424606067411792,16.204356609084925,18.703571206035548,17.92382066436241,15.424606067411792]
image_corners2_y = [18.08796415222245,13.681015746266187,14.12321832188422,18.530166727840484,18.08796415222245]