Targets2_x = [14.024543379175133,14.845174381065492,15.568514078608025,15.412001980309348,]
Targets2_y = [
16.816691448807056,16.922442866576432,17.44696989871254,17.049344567899684,]
center2_x = [14.828254154222392]
center2_y = [18.5044840764063]
image_corners2_x = [13.559237140989879,13.559237140989879,16.097271167454906,16.097271167454906,13.559237140989879]
image_corners2_y = [20.7421840764063,16.2667840764063,16.2667840764063,20.7421840764063,20.7421840764063]