Targets2_x = [18.16701828622366,18.001345503202874,18.913626749671792,18.58209240601998,19.219542715595455,18.460711807808337,18.784941880731314,18.054102976241694,19.501588918002085,18.458653379712835,18.640373504518024,19.221675972986898,18.96229939757811,18.235292478493758,19.99752646244902,19.430024130058804,18.332619919167602,19.591081465393973,18.87118295146836,19.289161319387155,19.983372009878153,19.669817016242618,19.270884627035816,]
Targets2_y = [
17.223437291517282,17.885362816458862,17.072809283702167,17.40172963360671,17.02772825302319,17.91389791385881,17.772972745440537,18.484032095135095,17.412828475092834,18.54091889591423,18.422707857101628,17.905640962748546,18.168874466661237,18.90089933175035,17.504676792915276,18.197548455474134,19.333094509986637,18.56809711024325,19.375486717622397,19.127429792368474,18.608058718152506,19.1128532819693,19.97574077599815,]
center2_x = [19.122339990414854]
center2_y = [19.10375589442153]
image_corners2_x = [17.816319570659804,17.890676715141936,20.42836041016991,20.354003265687773,17.816319570659804]
image_corners2_y = [21.320062762401776,16.845280513502455,16.88744902644128,21.3622312753406,21.320062762401776]