Targets2_x = [17.18313854850673,17.161605085793912,17.054857743783618,17.996558195159746,17.706171261080797,17.443436780290806,17.105832958530126,17.642699132657654,18.1603997424927,17.553263323064012,17.382770831337965,18.00333822476533,18.537735973846246,17.896759759966876,17.760840069761006,18.553861748325488,18.458975222094114,18.304001346585494,18.933278386988814,18.143849775731756,]
Targets2_y = [
17.46921324294668,17.026899458081324,16.585261182063352,18.26333424159056,17.60354830511485,16.710829099033457,15.986683619671206,16.625669100503597,17.431147900745355,16.093757863741732,15.36337116245014,16.43106695948288,17.482238111936084,16.01073215328928,15.610295918457652,16.932282335688065,16.539714979227647,16.216454868110446,17.039076323557012,15.343407857957075,]
center2_x = [18.00020152578031]
center2_y = [17.379155805273275]
image_corners2_x = [16.332452664285668,17.175335817024827,19.66795038727495,18.82506723453579,16.332452664285668]
image_corners2_y = [19.337808200379893,14.942497841505507,15.420503410166656,19.815813769041043,19.337808200379893]