Targets2_x = [15.775497095504383,15.853389535079504,15.914613195693686,16.052876912263024,16.16867631532662,16.23857831201739,16.262529434301776,16.339373025184372,16.44034501863703,]
Targets2_y = [
17.015147326294738,17.61492538126724,16.342699847259297,18.026569984897666,18.45710718572804,17.024776278527565,17.65533704916387,16.504749174103498,17.52893351957713,]
center2_x = [16.953229712031302]
center2_y = [18.19373232644163]
image_corners2_x = [15.739713491910466,15.629481889951778,18.166745932152146,18.276977534110834,15.739713491910466]
image_corners2_y = [20.46201005489051,15.987967793810533,15.92545459799275,20.399496859072727,20.46201005489051]