Targets_x = [12.213775204538218,10.944766062184664,11.55834395636039,10.420435962000504,11.91819451385591,12.645983230843456,12.946360089608099,14.22388888634308,13.978696102402397,11.140509535944055,10.201561957467227,11.639980895814663,12.367724917727909,12.0421019613391,13.80209260589804,13.4299542126477,12.808139732894459,10.70159945494566,11.30242766426545,14.13252662872728,13.832879789509567,12.813591428733217,10.9862331621022,13.490470796445615,10.097986355887114,12.399122934021559,13.211422870350738,11.642156056097345,];
Targets_y = [
21.177480806127193,21.181950313557365,21.243240508750457,21.23878810613049,21.326574757802145,21.38746269732653,21.399095005324924,21.4115158230766,21.45468023259155,21.51120736609666,21.54835504539108,21.602510030280055,21.6507078783809,21.677235234801714,21.755638127322115,21.786559396156548,21.78874945479733,21.800398867605924,21.844813635975274,21.89406706104916,22.089706246301848,22.1355970553492,22.146263176523156,22.154363470425672,22.166311953622326,22.158207246815618,22.193417036330914,22.220094479558785,];
center_x = [12.120371871862645];
center_y = [21.080517869091633];
image_corners_x = [14.362527500309582,9.887155258276048,9.878216243415707,14.353588485449242,14.362527500309582];
image_corners_y = [22.341645780009987,22.357408242880386,19.81938995817328,19.80362749530288,22.341645780009987];
