Targets_x = [14.26243855772101,14.7448431997698,13.962283742594304,14.842760225870371,14.077127850650648,13.569569858600666,14.436984804796742,14.395248246654951,15.038559890689992,];
Targets_y = [
21.109643535359954,21.218840832177914,21.220113165294055,21.603617302130882,21.60909217646168,21.639527831457166,21.794629840250057,22.141562806842227,22.35201998643748,];
center_x = [15.732281396871967];
center_y = [22.34666202920384];
image_corners_x = [17.97204168217294,13.496647597353075,13.49252111157099,17.96791519639086,17.97204168217294];
image_corners_y = [23.61203918019957,23.619315550128643,21.081284878208116,21.07400850827904,23.61203918019957];
