Targets_x = [15.151876980820056,14.305220636959545,14.698072325403189,14.063257045022588,13.40699890496204,12.937446017642799,12.624036462157328,14.751231345113135,14.133409241911313,13.731194385323134,14.416012769572301,12.444424183232991,11.974651599688503,12.870871654967084,14.384767349297324,13.445808038809009,];
Targets_y = [
21.40606562045542,21.515393111566524,21.610723003964406,21.66205122179729,21.76401722148279,21.765537620980655,21.831411010210065,21.928289313650723,21.967025215422606,22.02815599385052,22.108250278871605,22.168784663232817,22.208374939214004,22.306609703923492,22.391488484516643,22.369149365856835,];
center_x = [13.706686315955753];
center_y = [21.143917987340576];
image_corners_x = [15.937025848411206,11.461700368483786,11.4763467835003,15.95167226342772,15.937025848411206];
image_corners_y = [22.42582712602395,22.4000006142115,19.862008848657197,19.88783536046965,22.42582712602395];
