Targets_x = [15.653842774835336,15.091123868773494,15.192470783754398,14.815892011635988,];
Targets_y = [
21.418171654958236,21.65053107793986,21.984758504641185,22.18337463068449,];
center_x = [17.003460314069198];
center_y = [20.978950169967938];
image_corners_x = [19.240497608285192,14.765098217974925,14.766423019853203,19.24182241016347,19.240497608285192];
image_corners_y = [22.24913504397658,22.24679897666455,19.708765295959296,19.711101363271325,22.24913504397658];
