Targets_x = [15.082104144795837,14.235447800935326,14.62829948937897,13.99348420899837,13.33722606893782,12.86767318161858,12.554263626133109,14.681458509088916,14.063636405887094,13.661421549298915,14.346239933548082,12.374651347208772,11.904878763664284,12.801098818942865,14.314994513273104,13.37603520278479,];
Targets_y = [
21.02783121467682,21.137158705787925,21.232488598185807,21.283816816018692,21.38578281570419,21.387303215202056,21.453176604431466,21.550054907872124,21.588790809644006,21.64992158807192,21.730015873093006,21.790550257454218,21.830140533435404,21.928375298144893,22.013254078738044,21.990914960078236,];
center_x = [13.636913479931534];
center_y = [20.765683581561976];
image_corners_x = [15.867253012386987,11.391927532459567,11.406573947476081,15.881899427403502,15.867253012386987];
image_corners_y = [22.04759272024535,22.0217662084329,19.483774442878598,19.509600954691052,22.04759272024535];
