Targets_x = [10.983985561982303,10.577418889229364,10.017123378311759,8.883289423902117,11.084858751904763,10.377552784938816,8.564420903812433,7.964590426829746,9.02112849689555,6.787266038891023,9.54853952854917,10.767240825654522,7.480398247444301,9.996085592864842,8.308878195599597,8.80321091633102,10.976112959507125,6.621990566335551,10.263339204264295,7.148674458096612,8.59062533341292,9.660803853657047,7.871327027711979,6.61887832081963,];
Targets_y = [
21.14393472023574,21.188530102686343,21.191409099394185,21.149459464843343,21.427611405040775,21.465672382745797,21.374870754157044,21.340715972478684,21.448754333558696,21.312338892790937,21.540893075180012,21.69130706658012,21.455617275895893,21.677704948854615,21.550073227825344,21.631140602262438,22.004639903077692,21.689772867798215,22.00408688626841,21.845499148269816,21.962447165431296,22.05882281006499,21.99108488739544,22.109582473125585,];
center_x = [8.888893002809452];
center_y = [21.077767159406836];
image_corners_x = [11.02090217361594,6.559110458802889,6.756883832002962,11.218675546816014,11.02090217361594];
image_corners_y = [22.517295681344,22.168555299934535,19.63823863746967,19.986979018879133,22.517295681344];
