Targets_x = [10.045793691279714,9.639227018526775,9.07893150760917,7.945097553199528,10.146666881202174,9.439360914236227,7.626229033109844,7.026398556127158,8.08293662619296,5.849074168188435,8.610347657846582,9.829048954951933,6.542206376741713,9.057893722162254,7.370686324897009,7.865019045628432,10.037921088804536,5.683798695632963,9.325147333561706,6.210482587394024,7.652433462710332,8.722611982954458,6.933135157009391,5.680686450117042,];
Targets_y = [
21.659421356469878,21.70401673892048,21.706895735628322,21.66494610107748,21.94309804127491,21.981159018979934,21.89035739039118,21.85620260871282,21.964240969792833,21.827825529025073,22.05637971141415,22.206793702814256,21.97110391213003,22.19319158508875,22.06555986405948,22.146627238496574,22.52012653931183,22.20525950403235,22.519573522502547,22.360985784503953,22.477933801665433,22.574309446299125,22.506571523629578,22.62506910935972,];
center_x = [7.950701132106863];
center_y = [21.593253795640972];
image_corners_x = [10.082710302913352,5.6209185881003005,5.818691961300374,10.280483676113425,10.082710302913352];
image_corners_y = [23.032782317578135,22.684041936168672,20.153725273703806,20.50246565511327,23.032782317578135];
