Targets_x = [15.642070860868218,15.079351954806375,15.18069886978728,14.80412009766887,];
Targets_y = [
21.34846329535999,21.58082271834162,21.915050145042944,22.113666271086245,];
center_x = [16.991688400102078];
center_y = [20.909241810369696];
image_corners_x = [19.228725694318072,14.753326304007807,14.754651105886085,19.23005049619635,19.228725694318072];
image_corners_y = [22.17942668437834,22.17709061706631,19.639056936361055,19.641393003673084,22.17942668437834];
