Targets_x = [14.361768234660603,14.761763108236371,14.110212601435594,10.535549149993095,13.425493556617473,12.964158319872396,12.662830149612747,14.783175353758278,11.445031811669056,11.082180937137682,14.165300948264832,13.744024459735614,14.441599968921999,10.751659689887736,12.48052021633554,10.38001898256635,12.044904033585345,11.30745211728551,12.879727889709345,13.44639211359104,14.406161000849984,12.536486933917944,13.198675185566268,12.143011463077515,11.336912580671074,11.808839976988097,10.817522537391332,];
Targets_y = [
21.228434994882367,21.353015343812487,21.36507848272044,21.062491592194863,21.45462400580061,21.434494273253947,21.472698984153915,21.695189462489953,21.364990020636363,21.337599270428,21.710583743308156,21.758177020839334,21.88243827284023,21.627958348394174,21.81172430202355,21.64645584474461,21.8323949326191,21.810456748032145,21.987235195653447,22.102797785415536,22.19773532985768,22.191322056657384,22.286578698028748,22.258668134013693,22.20018468422354,22.28512267767658,22.20831794738005,];
center_x = [12.524320373942079];
center_y = [22.22837488515057];
image_corners_x = [14.626234751254966,10.172570353360394,10.422405996629193,14.876070394523763,14.626234751254966];
image_corners_y = [23.71150044299082,23.27095692536017,20.74524932731032,21.185792844940966,23.71150044299082];
