Targets_x = [15.996868787570387,15.434149881508544,15.535496796489449,15.158918024371038,];
Targets_y = [
21.972309655901277,22.204669078882905,22.53889650558423,22.73751263162753,];
center_x = [17.34648632680425];
center_y = [21.533088170910982];
image_corners_x = [19.583523621020245,15.108124230709976,15.109449032588254,19.58484842289852,19.583523621020245];
image_corners_y = [22.803273044919624,22.800936977607595,20.26290329690234,20.26523936421437,22.803273044919624];
