Targets_x = [16.78992271143318,15.943266367572669,16.336118056016314,15.701302775635712,15.045044635575163,14.575491748255923,14.262082192770452,16.38927707572626,15.771454972524436,15.369240115936257,16.054058500185427,14.082469913846115,13.612697330301627,14.508917385580208,16.02281307991045,15.083853769422133,];
Targets_y = [
21.623024030902076,21.732351522013182,21.827681414411064,21.87900963224395,21.980975631929446,21.982496031427313,22.048369420656723,22.14524772409738,22.183983625869264,22.245114404297176,22.325208689318263,22.385743073679475,22.42533334966066,22.52356811437015,22.6084468949633,22.586107776303493,];
center_x = [15.344732046568877];
center_y = [21.360876397787234];
image_corners_x = [17.575071579024332,13.09974609909691,13.114392514113424,17.589717994040846,17.575071579024332];
image_corners_y = [22.64278553647061,22.616959024658158,20.078967259103855,20.10479377091631,22.64278553647061];
