Targets_x = [10.41241398809435,9.143404845740797,9.756982739916523,8.619074745556636,10.116833297412043,10.844622014399588,11.144998873164232,12.422527669899212,12.17733488595853,9.339148319500188,8.40020074102336,9.838619679370796,10.566363701284041,10.240740744895232,12.000731389454172,11.628592996203833,11.006778516450591,8.900238238501792,9.501066447821582,12.331165412283413,12.0315185730657,11.01223021228935,9.184871945658333,11.689109580001748,8.296625139443247,10.597761717577692,11.41006165390687,9.840794839653478,];
Targets_y = [
21.260655201764845,21.265124709195018,21.32641490438811,21.32196250176814,21.409749153439797,21.470637092964182,21.482269400962576,21.49469021871425,21.5378546282292,21.59438176173431,21.631529441028732,21.685684425917707,21.73388227401855,21.760409630439366,21.838812522959767,21.8697337917942,21.87192385043498,21.883573263243576,21.927988031612927,21.977241456686812,22.1728806419395,22.218771450986853,22.22943757216081,22.237537866063324,22.24948634925998,22.24138164245327,22.276591431968566,22.303268875196437,];
center_x = [10.319010655418777];
center_y = [21.163692264729285];
image_corners_x = [12.561166283865715,8.08579404183218,8.07685502697184,12.552227269005375,12.561166283865715];
image_corners_y = [22.42482017564764,22.440582638518038,19.90256435381093,19.886801890940532,22.42482017564764];
