Targets_x = [11.048171859565853,10.641605186812914,10.081309675895309,8.947475721485667,11.149045049488313,10.441739082522366,8.628607201395983,8.028776724413296,9.0853147944791,6.851452336474574,9.61272582613272,10.831427123238072,7.544584545027852,10.060271890448393,8.373064493183147,8.86739721391457,11.040299257090675,6.686176863919102,10.327525501847845,7.212860755680163,8.65481163099647,9.724990151240597,7.93551332529553,6.683064618403181,];
Targets_y = [
20.9828181978624,21.027413580313002,21.030292577020845,20.988342942470002,21.266494882667434,21.304555860372457,21.213754231783703,21.179599450105343,21.287637811185355,21.151222370417596,21.37977655280667,21.53019054420678,21.294500753522552,21.516588426481274,21.388956705452003,21.470024079889097,21.84352338070435,21.528656345424874,21.84297036389507,21.684382625896475,21.801330643057955,21.897706287691648,21.8299683650221,21.948465950752244,];
center_x = [8.953079300393002];
center_y = [20.916650637033495];
image_corners_x = [11.08508847119949,6.6232967563864396,6.821070129586513,11.282861844399564,11.08508847119949];
image_corners_y = [22.356179158970658,22.007438777561195,19.47712211509633,19.825862496505792,22.356179158970658];
