Targets_x = [14.262422733377187,14.744827375425977,13.96226791825048,14.842744401526549,14.077112026306825,13.569554034256843,14.436968980452919,14.395232422311128,15.03854406634617,];
Targets_y = [
21.110147208133082,21.219344504951042,21.220616838067183,21.60412097490401,21.609595849234807,21.640031504230294,21.795133513023185,22.142066479615355,22.352523659210608,];
center_x = [15.732265572528144];
center_y = [22.34716570197697];
image_corners_x = [17.97202585782912,13.496631773009252,13.492505287227168,17.96789937204704,17.97202585782912];
image_corners_y = [23.612542852972698,23.61981922290177,21.081788550981244,21.074512181052167,23.612542852972698];
