Targets_x = [8.137239377336384,11.622844972264057,9.245585416683156,11.923255800316884,10.133970037248329,8.319509226736885,10.616666492875712,8.793761405969798,11.331904001919108,11.00200920826887,9.724635637466216,10.2875921642762,11.76824371733419,12.356312178890851,9.142154126162328,8.406176713222987,9.9883331429292,11.350827939160814,11.769632196650806,10.60639047165295,12.146404410257073,];
Targets_y = [
20.93155229714412,20.93547119086195,20.948568551963685,20.955501076925536,20.96640527183398,21.03239449048214,21.091507378519847,21.161758180800373,21.186131494643,21.200052274071872,21.23019744634128,21.32538957673032,21.357937461370316,21.381124458882596,21.570777017101435,21.586212501239345,21.614151682417823,21.723281847047996,21.730179862385327,21.738748887534012,21.80914612329563,];
center_x = [10.15115689870606];
center_y = [22.171915713326346];
image_corners_x = [12.393574784296117,7.918205917547468,7.908739013116001,12.38410787986465,12.393574784296117];
image_corners_y = [23.43257724453105,23.44927055267853,20.91125418212164,20.89456087397416,23.43257724453105];
