Targets_x = [15.081939840843368,14.235283496982857,14.628135185426501,13.993319905045901,13.337061764985352,12.867508877666111,12.55409932218064,14.681294205136448,14.063472101934625,13.661257245346446,14.346075629595614,12.374487043256304,11.904714459711816,12.800934514990397,14.314830209320636,13.375870898832321,];
Targets_y = [
21.057805924133945,21.16713341524505,21.262463307642932,21.313791525475818,21.415757525161315,21.41727792465918,21.48315131388859,21.58002961732925,21.61876551910113,21.679896297529044,21.75999058255013,21.820524966911343,21.86011524289253,21.958350007602018,22.04322878819517,22.02088966953536,];
center_x = [13.636749175979066];
center_y = [20.7956582910191];
image_corners_x = [15.867088708434519,11.391763228507099,11.406409643523613,15.881735123451033,15.867088708434519];
image_corners_y = [22.077567429702476,22.051740917890026,19.513749152335723,19.539575664148177,22.077567429702476];
