Targets_x = [10.34980771214728,9.080798569793727,9.694376463969453,8.556468469609566,10.054227021464973,10.782015738452518,11.082392597217162,12.359921393952142,12.11472861001146,9.276542043553118,8.33759446507629,9.776013403423725,10.503757425336971,10.178134468948162,11.938125113507102,11.565986720256763,10.944172240503521,8.837631962554722,9.438460171874512,12.268559136336343,11.96891229711863,10.94962393634228,9.122265669711263,11.626503304054678,8.234018863496177,10.535155441630621,11.3474553779598,9.778188563706408,];
Targets_y = [
20.865455340254588,20.86992484768476,20.931215042877852,20.926762640257884,21.01454929192954,21.075437231453925,21.08706953945232,21.099490357203994,21.142654766718945,21.199181900224055,21.236329579518475,21.29048456440745,21.338682412508295,21.36520976892911,21.44361266144951,21.474533930283943,21.476723988924725,21.48837340173332,21.53278817010267,21.582041595176555,21.777680780429243,21.823571589476597,21.83423771065055,21.842338004553067,21.85428648774972,21.846181780943013,21.88139157045831,21.90806901368618,];
center_x = [10.256404379471707];
center_y = [20.768492403219028];
image_corners_x = [12.498560007918645,8.02318776588511,8.01424875102477,12.489620993058304,12.498560007918645];
image_corners_y = [22.029620314137382,22.04538277700778,19.507364492300674,19.491602029430275,22.029620314137382];
