Targets_x = [14.36162313074241,14.761618004318178,14.1100674975174,10.535404046074902,13.42534845269928,12.964013215954203,12.662685045694554,14.783030249840085,11.444886707750863,11.08203583321949,14.16515584434664,13.743879355817421,14.441454865003806,10.751514585969543,12.480375112417347,10.379873878648157,12.044758929667152,11.307307013367318,12.879582785791152,13.446247009672847,14.406015896931791,12.53634182999975,13.198530081648075,12.142866359159322,11.33676747675288,11.808694873069904,10.817377433473139,];
Targets_y = [
21.234232347910567,21.358812696840687,21.370875835748638,21.068288945223063,21.46042135882881,21.440291626282146,21.478496337182115,21.700986815518153,21.370787373664562,21.3433966234562,21.716381096336356,21.763974373867534,21.88823562586843,21.633755701422373,21.81752165505175,21.65225319777281,21.8381922856473,21.816254101060345,21.993032548681647,22.108595138443736,22.20353268288588,22.197119409685584,22.292376051056948,22.264465487041893,22.20598203725174,22.29092003070478,22.21411530040825,];
center_x = [12.524175270023886];
center_y = [22.23417223817877];
image_corners_x = [14.626089647336773,10.1724252494422,10.422260892711,14.87592529060557,14.626089647336773];
image_corners_y = [23.717297796019018,23.27675427838837,20.75104668033852,21.191590197969166,23.717297796019018];
