Targets_x = [15.458628040182168,14.611971696321657,15.0048233847653,14.3700081043847,13.713749964324151,13.24419707700491,12.93078752151944,15.057982404475247,14.440160301273425,14.037945444685246,14.722763828934413,12.751175242595103,12.281402659050615,13.177622714329196,14.691518408659435,13.75255909817112,];
Targets_y = [
21.80597020182099,21.915297692932096,22.010627585329978,22.061955803162864,22.16392180284836,22.165442202346227,22.231315591575637,22.328193895016295,22.366929796788177,22.42806057521609,22.508154860237177,22.56868924459839,22.608279520579575,22.706514285289064,22.791393065882215,22.769053947222407,];
center_x = [14.013437375317865];
center_y = [21.543822568706148];
image_corners_x = [16.24377690777332,11.768451427845898,11.783097842862412,16.258423322789834,16.24377690777332];
image_corners_y = [22.825731707389522,22.79990519557707,20.26191343002277,20.287739941835223,22.825731707389522];
