Targets_x = [12.102847007097441,10.833837864743888,11.447415758919615,10.309507764559728,11.807266316415134,12.53505503340268,12.835431892167323,14.112960688902303,13.867767904961621,11.029581338503279,10.090633760026451,11.529052698373887,12.256796720287133,11.931173763898324,13.691164408457263,13.319026015206925,12.697211535453683,10.590671257504884,11.191499466824673,14.021598431286504,13.721951592068791,12.70266323129244,10.875304964661424,13.37954259900484,9.987058158446338,12.288194736580783,13.100494672909962,11.53122785865657,];
Targets_y = [
21.425686460699026,21.4301559681292,21.49144616332229,21.486993760702322,21.57478041237398,21.635668351898364,21.647300659896757,21.659721477648432,21.702885887163383,21.759413020668493,21.796560699962914,21.850715684851888,21.898913532952733,21.925440889373547,22.00384378189395,22.03476505072838,22.036955109369163,22.048604522177758,22.093019290547108,22.142272715620994,22.33791190087368,22.383802709921035,22.39446883109499,22.402569124997505,22.41451760819416,22.40641290138745,22.441622690902747,22.46830013413062,];
center_x = [12.009443674421869];
center_y = [21.328723523663466];
image_corners_x = [14.251599302868806,9.776227060835271,9.767288045974931,14.242660288008466,14.251599302868806];
image_corners_y = [22.58985143458182,22.60561389745222,20.067595612745112,20.051833149874714,22.58985143458182];
