Targets_x = [15.681775619734134,15.119056713672292,15.220403628653196,14.843824856534786,];
Targets_y = [
21.522602306647123,21.75496172962875,22.089189156330075,22.287805282373377,];
center_x = [17.031393158967997];
center_y = [21.083380821656828];
image_corners_x = [19.268430453183992,14.793031062873723,14.794355864752001,19.269755255062268,19.268430453183992];
image_corners_y = [22.35356569566547,22.35122962835344,19.813195947648186,19.815532014960215,22.35356569566547];
