Targets_x = [11.227620748341632,9.958611605988079,10.572189500163805,9.434281505803918,10.932040057659325,11.65982877464687,11.960205633411514,13.237734430146494,12.992541646205812,10.15435507974747,9.215407501270642,10.653826439618078,11.381570461531323,11.055947505142514,12.815938149701454,12.443799756451115,11.821985276697873,9.715444998749074,10.316273208068864,13.146372172530695,12.846725333312982,11.827436972536631,10.000078705905615,12.50431634024903,9.111831899690529,11.412968477824974,12.225268414154153,10.65600159990076,];
Targets_y = [
21.865722064527063,21.870191571957236,21.931481767150327,21.92702936453036,22.014816016202015,22.0757039557264,22.087336263724794,22.09975708147647,22.14292149099142,22.19944862449653,22.23659630379095,22.290751288679925,22.33894913678077,22.365476493201584,22.443879385721985,22.474800654556418,22.4769907131972,22.488640126005794,22.533054894375145,22.58230831944903,22.777947504701718,22.82383831374907,22.834504434923026,22.842604728825542,22.854553212022196,22.846448505215488,22.881658294730784,22.908335737958655,];
center_x = [11.13421741566606];
center_y = [21.768759127491503];
image_corners_x = [13.376373044112997,8.901000802079462,8.892061787219122,13.367434029252657,13.376373044112997];
image_corners_y = [23.029887038409857,23.045649501280256,20.50763121657315,20.49186875370275,23.029887038409857];
