Targets_x = [11.06877308293823,10.662206410185291,10.101910899267686,8.968076944858044,11.16964627286069,10.462340305894744,8.64920842476836,8.049377947785676,9.105916017851477,6.872053559846952,9.633327049505098,10.85202834661045,7.56518576840023,10.08087311382077,8.393665716555526,8.88799843728695,11.060900480463053,6.706778087291481,10.348126725220222,7.233461979052541,8.67541285436885,9.745591374612975,7.956114548667909,6.7036658417755595,];
Targets_y = [
20.89960294414587,20.94419832659647,20.947077323304313,20.90512768875347,21.183279628950903,21.221340606655925,21.13053897806717,21.09638419638881,21.204422557468824,21.068007116701065,21.29656129909014,21.446975290490247,21.21128549980602,21.433373172764743,21.30574145173547,21.386808826172565,21.76030812698782,21.445441091708343,21.75975511017854,21.601167372179944,21.718115389341424,21.814491033975116,21.74675311130557,21.865250697035712,];
center_x = [8.97368052376538];
center_y = [20.833435383316964];
image_corners_x = [11.105689694571868,6.643897979758818,6.841671352958891,11.303463067771942,11.105689694571868];
image_corners_y = [22.272963905254127,21.924223523844663,19.393906861379797,19.74264724278926,22.272963905254127];
