Targets_x = [15.099705909118962,14.25304956525845,14.645901253702094,14.011085973321494,13.354827833260945,12.885274945941704,12.571865390456233,14.69906027341204,14.081238170210218,13.67902331362204,14.363841697871207,12.392253111531897,11.922480527987409,12.81870058326599,14.33259627759623,13.393636967107915,];
Targets_y = [
21.23122923123125,21.340556722342356,21.435886614740237,21.487214832573123,21.58918083225862,21.590701231756487,21.656574620985896,21.753452924426554,21.792188826198437,21.85331960462635,21.933413889647436,21.99394827400865,22.033538549989835,22.131773314699323,22.216652095292474,22.194312976632666,];
center_x = [13.65451524425466];
center_y = [20.969081598116407];
image_corners_x = [15.884854776710112,11.409529296782692,11.424175711799206,15.899501191726626,15.884854776710112];
image_corners_y = [22.250990736799782,22.22516422498733,19.68717245943303,19.712998971245483,22.250990736799782];
