Targets_x = [14.262645286434768,14.745049928483558,13.962490471308062,14.84296695458413,14.077334579364406,13.569776587314424,14.4371915335105,14.39545497536871,15.03876661940375,];
Targets_y = [
21.103705006188722,21.212902303006683,21.214174636122824,21.59767877295965,21.603153647290448,21.633589302285934,21.788691311078825,22.135624277670995,22.346081457266248,];
center_x = [15.732488125585725];
center_y = [22.34072350003261];
image_corners_x = [17.9722484108867,13.496854326066833,13.492727840284749,17.96812192510462,17.9722484108867];
image_corners_y = [23.60610065102834,23.61337702095741,21.075346349036884,21.068069979107808,23.60610065102834];
