Targets_x = [19.22212507128862,18.966288430030406,18.916950403627737,18.74313286995215,18.796480980462256,18.631155264487525,18.551607370580363,18.555794377877795,18.271803931016553,18.423075733712526,18.19216713845239,18.278802420268942,18.060957149084093,17.905218502081205,17.979189848185964,17.78868515365266,17.532981641848945,17.6494571813795,17.23092807172551,17.321735471552994,17.31675012459058,17.17289065173499,17.04478774474164,16.937322525567442,17.008054096904758,16.84914924744292,];
Targets_y = [
17.10360354354969,18.27546736409753,16.46786677965835,17.569961150685366,17.014083644531684,18.27388426286806,16.73544946560936,16.052534088098316,18.414636216286695,15.541053929244393,17.245405643317802,16.11930024318769,17.714367156521437,17.80365013814144,16.93963890069293,16.092478169191644,17.315278443720132,15.240967959427422,18.00810583213401,16.462200022012937,15.630011094809396,17.30743738400526,16.94910685537277,17.229013208756076,15.931871978332332,16.691421291038093,];
center_x = [18.1170129536];
center_y = [16.1783882466];
image_corners_x = [16.672106391224386,17.032110230929362,19.561919515986926,19.20191567628195,16.672106391224386];
image_corners_y = [18.3067562824005,13.845859243082321,14.050020210778905,18.51091725009708,18.3067562824005];
