Targets_x = [16.963501385560214,17.42878482909293,17.436569018498407,17.488604904480304,17.618592031572103,17.754656725497895,17.8671423448214,17.87385527571829,18.182703313934166,18.28104779707564,18.286192595391757,18.4140990912793,18.474167003712488,18.67115006830288,18.97745334411961,];
Targets_y = [
17.963132486455763,17.984778432100715,18.6192955909568,17.422244294575638,18.496817779456034,17.837073503091545,19.457305969535412,17.126550550486648,17.076118846110372,20.05841528220431,19.19971876326726,18.25655183583195,17.461364711220256,19.178978549371546,17.546502026678148,];
center_x = [18.117012953605656];
center_y = [19.1783882465897];
image_corners_x = [16.845612918638007,16.850380402173812,19.388412988573307,19.3836455050375,16.845612918638007];
image_corners_y = [21.41473513850022,16.93933767781578,16.942041354679183,21.417438815363624,21.41473513850022];
