Targets_x = [15.192551871886216,15.165189362579499,];
Targets_y = [
16.40483528478145,17.57250071941378,];
center_x = [14.4223246109];
center_y = [18.6299226292];
image_corners_x = [13.165742190898067,13.140912067326566,15.67890703085997,15.70373715443147,13.165742190898067];
image_corners_y = [20.87462886643589,16.39929774740532,16.38521639188273,20.8605475109133,20.87462886643589];
