Targets_x = [16.356459982697675,16.484879019533537,16.01047897678699,16.03542461012177,15.922551644902438,16.04958386034904,15.713190739582638,];
Targets_y = [
16.198704704257256,15.212934942777704,18.012655492269488,17.187607652976226,16.77048056794239,15.579525038583483,16.4637976765376,];
center_x = [15.2047292015];
center_y = [16.0045205603];
image_corners_x = [13.639843475972986,14.255728499127333,16.769614926989757,16.15372990383541,13.639843475972986];
image_corners_y = [18.046293842554874,13.613474108090799,13.962747278121618,18.395567012585694,18.046293842554874];
