Targets_x = [18.629717970381293,18.323414694564566,18.126427123846074,18.066363717540987,17.933307917209223,17.938457221653444,17.82650783157452,17.52363702539375,17.52611990197998,17.406921351759582,17.275095724400664,17.136639476431327,17.093063699070758,17.08528852192149,16.611535957511236,];
Targets_y = [
17.163210711680797,18.795687234374196,17.08230345053357,17.8732605208346,19.67935402151763,18.81642744826991,16.69281851885681,19.074019160666168,16.743259235489298,17.453782188094195,18.10507086196546,17.038948473450183,18.236008782087556,17.593031514610136,17.579836665330305,];
center_x = [17.7692775799];
center_y = [18.7950969316];
image_corners_x = [16.497877544899694,16.5026450284355,19.04067761483499,19.035910131299183,16.497877544899694];
image_corners_y = [21.03144382350287,16.556046362818428,16.558750039681833,21.034147500366274,21.03144382350287];
