
Targets1_x = [18.969824242279845,18.631155264487525,19.22212507128862,18.74734921876058,18.796480980462256,18.060957149084093,17.90943485088963,18.19216713845239,18.916950403627737,18.551607370580363,17.23092807172551,17.979530116465458,17.53332191012844,18.555794377877795,17.17289065173499,18.278802420268942,17.044447476462143,18.43116816304989,17.78868515365266,17.32629208864092,16.84914924744292,17.3213067416785,17.008054096904758,17.649797449658994,]
Targets1_y = [18.28424032999388,18.27388426286806,17.10360354354969,17.570301418964856,17.014083644531684,17.714367156521437,17.803990406420933,17.245405643317802,16.46786677965835,16.73544946560936,18.00810583213401,16.935422551884503,17.3110620949117,16.052534088098316,17.30743738400526,16.11930024318769,16.953323204181203,15.54595081461181,16.092478169191644,16.458323941484004,16.691421291038093,15.626135014280461,15.931871978332332,15.236751610618995,]
Targets2_x = [17.488604904480304,16.963501385560214,17.87385527571829,18.182703313934166,17.42878482909293,17.754656725497895,18.474167003712488,17.436569018498407,17.618592031572103,18.97745334411961,18.4140990912793,17.8671423448214,18.286192595391757,18.67115006830288,18.28104779707564,]
Targets2_y = [
17.422244294575638,17.963132486455763,17.126550550486648,17.076118846110372,17.984778432100715,17.837073503091545,17.461364711220256,18.6192955909568,18.496817779456034,17.546502026678148,18.25655183583195,19.457305969535412,19.19971876326726,19.178978549371546,20.05841528220431,]
center1_x = [18.117012953605656,18.117012953605656]
center1_y = [16.1783882465897,19.1783882465897]
image_corners1_x = [16.672106391224386,17.032110230929362,19.561919515986926,19.20191567628195,]
image_corners1_y = [18.3067562824005,13.845859243082321,14.050020210778905,18.51091725009708,]
image_corners2_x = [16.845612918638007,16.850380402173812,19.388412988573307,19.3836455050375,]
image_corners2_y = [21.41473513850022,16.93933767781578,16.942041354679183,21.417438815363624,]