
Targets1_x = [18.937643955496014,18.544248681393935,18.273525051904333,18.861502934702063,18.595009361923236,18.85727287799129,17.782838473454426,17.279461724872196,19.136456620902443,18.277755108615107,18.040871932811704,18.79805208404044,16.991817868539492,17.351372688955372,18.184693860978058,18.040871932811704,17.62632637515575,17.110259456441195,16.89452656419167,17.266771554739872,17.380983085930797,]
Targets1_y = [16.40258125226078,16.01764609158025,16.106477282506525,16.95671868137231,16.698685222015033,17.515086167194617,16.11916745263885,15.691931724850571,18.208815467761724,17.235902424283463,16.944028511239985,18.225735694604825,16.021876148291025,16.52102284016248,17.713898832601043,17.815420193659644,17.354344012185166,17.037089758877038,16.791746469652082,17.379724352449816,18.073453653016923,]
Targets2_x = [17.93424979158757,17.519704233931616,17.08823844943256,16.614472097825754,17.270130887995887,17.938479848298343,17.07977833601101,18.323415008978873,17.405492702740688,17.13899912996186,18.065381549621595,17.52393429064239,18.124602343572445,]
Targets2_y = [
19.67494872743356,19.074280674503505,18.236729445770045,17.581070655599913,18.114057801157568,18.816247215146227,17.60222093915379,18.79509693159235,17.45416895427666,17.039623396620705,17.87294456864339,16.743519426866452,17.077693907017682,]
center1_x = [18.1170129536,17.7692775799]
center1_y = [16.1783882466,18.7950969316]
image_corners1_x = [16.847995940373142,16.847995940373142,19.38602996683817,19.38602996683817,]
image_corners1_y = [18.416088246589702,13.940688246589701,13.940688246589701,18.416088246589702,]
image_corners2_x = [16.50026056663483,16.50026056663483,19.038294593099856,19.038294593099856,]
image_corners2_y = [21.03279693159235,16.55739693159235,16.55739693159235,21.03279693159235,]