
Targets1_x = []
Targets1_y = []
Targets2_x = [19.29296871920112,19.136456620902443,]
Targets2_y = [
17.011709418612387,18.208815467761724,]
center1_x = [15.20472920148137,18.117012953605656]
center1_y = [19.004520560338246,16.1783882465897]
image_corners1_x = [13.935712188248857,13.935712188248857,16.473746214713884,16.473746214713884,]
image_corners1_y = [21.242220560338247,16.766820560338246,16.766820560338246,21.242220560338247,]
image_corners2_x = [16.847995940373142,16.847995940373142,19.38602996683817,19.38602996683817,]
image_corners2_y = [18.416088246589702,13.940688246589701,13.940688246589701,18.416088246589702,]