
Targets1_x = [15.939110501044201,]
Targets1_y = [17.94291559683857,]
Targets2_x = [18.28104779707564,17.8671423448214,17.436569018498407,16.963501385560214,17.618592031572103,18.286192595391757,17.42878482909293,18.67115006830288,17.754656725497895,17.488604904480304,18.4140990912793,]
Targets2_y = [
20.05841528220431,19.457305969535412,18.6192955909568,17.963132486455763,18.496817779456034,19.19971876326726,17.984778432100715,19.178978549371546,17.837073503091545,17.422244294575638,18.25655183583195,]
center1_x = [15.20472920148137,18.117012953605656]
center1_y = [19.004520560338246,19.1783882465897]
image_corners1_x = [13.94814678150042,13.923316657928918,16.461311621462322,16.486141745033823,]
image_corners1_y = [21.249226797614828,16.773895678584257,16.759814323061665,21.235145442092236,]
image_corners2_x = [16.845612918638007,16.850380402173812,19.388412988573307,19.3836455050375,]
image_corners2_y = [21.41473513850022,16.93933767781578,16.942041354679183,21.417438815363624,]