
Targets1_x = []
Targets1_y = []
Targets2_x = [18.28104779707564,17.8671423448214,]
Targets2_y = [
20.05841528220431,19.457305969535412,]
center1_x = [15.20472920148137,18.117012953605656]
center1_y = [22.004520560338246,19.1783882465897]
image_corners1_x = [13.945688778513224,13.92576075934653,16.46376962444952,16.48369764361621,]
image_corners1_y = [24.247849043464548,19.772493411332942,19.761192077211945,24.23654770934355,]
image_corners2_x = [16.845612918638007,16.850380402173812,19.388412988573307,19.3836455050375,]
image_corners2_y = [21.41473513850022,16.93933767781578,16.942041354679183,21.417438815363624,]