
Targets1_x = [16.36064979341078,16.01106109873704,16.036006732071822,16.045394049635934,15.922551644902438,15.713190739582638,]
Targets1_y = [16.199286826207306,18.008465681556384,17.183417842263122,15.578942916633432,16.77048056794239,16.4637976765376,]
Targets2_x = [16.963501385560214,17.42878482909293,17.436569018498407,17.488604904480304,17.618592031572103,]
Targets2_y = [
17.963132486455763,17.984778432100715,18.6192955909568,17.422244294575638,18.496817779456034,]
center1_x = [15.20472920148137,18.117012953605656]
center1_y = [16.004520560338246,19.1783882465897]
image_corners1_x = [13.639843475972986,14.255728499127333,16.769614926989757,16.15372990383541,]
image_corners1_y = [18.046293842554874,13.613474108090799,13.962747278121618,18.395567012585694,]
image_corners2_x = [16.845612918638007,16.850380402173812,19.388412988573307,19.3836455050375,]
image_corners2_y = [21.41473513850022,16.93933767781578,16.942041354679183,21.417438815363624,]