
Targets1_x = [15.922551644902438,15.713190739582638,]
Targets1_y = [16.77048056794239,16.4637976765376,]
Targets2_x = [15.192551871886216,15.165189362579499,]
Targets2_y = [
16.40483528478145,17.57250071941378,]
center1_x = [15.2047292015,14.4223246109]
center1_y = [16.0045205603,18.6299226292]
image_corners1_x = [13.639843475972986,14.255728499127333,16.769614926989757,16.15372990383541,]
image_corners1_y = [18.046293842554874,13.613474108090799,13.962747278121618,18.395567012585694,]
image_corners2_x = [13.165742190898067,13.140912067326566,15.67890703085997,15.70373715443147,]
image_corners2_y = [20.87462886643589,16.39929774740532,16.38521639188273,20.8605475109133,]