
Targets1_x = [16.484879019533537,16.356459982697675,16.01047897678699,16.03542461012177,16.04958386034904,15.922551644902438,]
Targets1_y = [15.212934942777704,16.198704704257256,18.012655492269488,17.187607652976226,15.579525038583483,16.77048056794239,]
Targets2_x = [16.84914924744292,17.008054096904758,16.937322525567442,17.04478774474164,17.17289065173499,17.31675012459058,17.321735471552994,]
Targets2_y = [
16.691421291038093,15.931871978332332,17.229013208756076,16.94910685537277,17.30743738400526,15.630011094809396,16.462200022012937,]
center1_x = [15.2047292015,18.1170129536]
center1_y = [16.0045205603,16.1783882466]
image_corners1_x = [13.639843475972986,14.255728499127333,16.769614926989757,16.15372990383541,]
image_corners1_y = [18.046293842554874,13.613474108090799,13.962747278121618,18.395567012585694,]
image_corners2_x = [16.672106391224386,17.032110230929362,19.561919515986926,19.20191567628195,]
image_corners2_y = [18.3067562824005,13.845859243082321,14.050020210778905,18.51091725009708,]