Targets2_x = [18.310215493873947,17.732252020640235,18.72815154574867,19.05195491100298,18.21418188530922,18.56152885419758,19.331443631334775,18.184022147525162,18.38044988957613,19.84901576660531,19.221129931884228,18.5806980165585,19.031441184815503,19.432500765643358,18.974341685230133,]
Targets2_y = [
16.228137950291064,16.758244572729748,15.944256247643368,15.910494035028231,16.808769666080902,16.675007412264378,16.328170448886848,17.468236289498808,17.35200423703012,16.446927019121528,17.150416192051438,18.36452986569071,18.122262108014997,18.123924255901102,19.01377788012753,]
center2_x = [18.85702008225985]
center2_y = [18.089911675791246]
image_corners2_x = [17.458189533654256,17.72223789563552,20.25585063086545,19.991802268884182,17.458189533654256]
image_corners2_y = [20.24884163439605,15.781237844607276,15.930981717186441,20.398585506975216,20.24884163439605]