Targets2_x = [16.020419934514166,16.012192076617353,15.908611290696282,15.731386378362798,16.715619855606516,16.373496085116777,16.87401226815806,17.406079413328083,16.226658115009187,17.7450725578846,15.944982825714384,17.039093880322373,16.847906276220655,17.57283776784269,16.28103266352827,16.71660519574209,]
Targets2_y = [
17.85217191450461,17.14516322686499,16.78077326237416,16.50411499552438,17.69582631750201,17.174515593830954,17.616732655715722,18.218688904062965,16.304329460327185,18.253241047482003,15.753519155258857,17.1556607590781,16.829533291299697,17.521187843318344,15.469172653113134,15.970326438062248,]
center2_x = [17.039834026719692]
center2_y = [16.079931921534815]
image_corners2_x = [15.447568894201002,16.123149056962085,18.632099159238383,17.9565189964773,15.447568894201002]
image_corners2_y = [18.100426221858083,13.676310874844205,14.059437621211549,18.48355296822542,18.100426221858083]