Targets2_x = [18.60172962352576,18.300539490414046,18.025008715660807,17.67528363147069,18.226188356832683,18.759360505560604,18.130066865062098,19.142497098101956,18.47752001467074,18.28897359198,19.053004714206264,18.72124830390195,19.253489849830828,]
Targets2_y = [
19.03345069800463,18.367402273147043,17.464879664201796,16.734053824800068,17.376492514836794,18.18794933223148,16.838054418982864,18.23589892259485,16.750357753785885,16.29419355185843,17.280996020334864,16.071174044218672,16.50785360874625,]
center2_x = [18.596390146741804]
center2_y = [18.136866712766253]
image_corners2_x = [16.94846068613694,17.74701533582026,20.244319607346668,19.445764957663346,16.94846068613694]
image_corners2_y = [20.112223379989704,15.70864351453147,16.1615100455428,20.565089911001035,20.112223379989704]