Targets_x = [15.156082556404286,14.305196226267851,14.698047914711495,12.937421606951105,14.133409241911313,13.731194385323134,14.420242755848227,12.444424183232991,11.974651599688503,12.86664166869116,13.445783628117315,];
Targets_y = [
21.410320017423036,21.519623097842448,21.614952990240333,21.76976760725658,21.967025215422606,22.02815599385052,22.1082746895633,22.168784663232817,22.208374939214004,22.306585293231798,22.373379352132762,];
center_x = [13.706686315955753];
center_y = [21.143917987340576];
image_corners_x = [15.937025848411206,11.461700368483786,11.4763467835003,15.95167226342772,15.937025848411206];
image_corners_y = [22.42582712602395,22.4000006142115,19.862008848657197,19.88783536046965,22.42582712602395];
