Targets_x = [15.653840566832205,15.091121660770362,14.815894219639118,];
Targets_y = [
21.42240171109274,21.65476113407437,22.17914457454998,];
center_x = [17.003460314069198];
center_y = [20.978950169967938];
image_corners_x = [19.240497608285192,14.765098217974925,14.766423019853203,19.24182241016347,19.240497608285192];
image_corners_y = [22.24913504397658,22.24679897666455,19.708765295959296,19.711101363271325,22.24913504397658];
