Targets_x = [14.358807900213531,14.762595893713932,10.541424233611636,12.96582389082752,11.450490502548817,11.087639628017444,14.16234061381776,13.741064125288542,14.438639634474928,10.756701988028714,12.481353001813103,12.04615321180169,12.880560675186908,13.443015386405186,12.537319719395507,13.19950797104383,12.14426064129386,11.341538486073272,11.813882275129076,];
Targets_y = [
21.215390064153336,21.344596318485653,21.046069934279984,21.417656222600282,21.352777875384895,21.32538712517653,21.69753881257913,21.745132090110303,21.8693933421112,21.619955715806125,21.803305276696715,21.81976639462885,21.97881617032661,22.093962367349924,22.18290303133055,22.278159672701914,22.246039596023444,22.196391564298906,22.277120045088527,];
center_x = [12.524320373942079];
center_y = [22.22837488515057];
image_corners_x = [14.626234751254966,10.172570353360394,10.422405996629193,14.876070394523763,14.626234751254966];
image_corners_y = [23.71150044299082,23.27095692536017,20.74524932731032,21.185792844940966,23.71150044299082];
