Targets_x = [10.416644018568862,9.756982739916523,10.116833297412043,10.8488520448741,11.144998873164232,12.422527669899212,9.343378349974698,9.838619679370796,10.570593731758553,12.004961419928684,11.632823026678347,8.904468268976304,9.501066447821582,12.335395442757926,12.03573370518211,11.020690273238374,9.180641915183822,8.296610241085146,11.697584539308872,11.41006165390687,];
Targets_y = [
21.260640303406745,21.32641490438811,21.409749153439797,21.47062219460608,21.482269400962576,21.49469021871425,21.594366863376212,21.685684425917707,21.733867375660452,21.838797624601668,21.8697188934361,21.883558364885477,21.927988031612927,21.977226558328713,22.168635713106884,22.21874165427065,22.22945247051891,22.245256318785465,22.24173809982163,22.276591431968566,];
center_x = [10.319010655418777];
center_y = [21.163692264729285];
image_corners_x = [12.561166283865715,8.08579404183218,8.07685502697184,12.552227269005375,12.561166283865715];
image_corners_y = [22.42482017564764,22.440582638518038,19.90256435381093,19.886801890940532,22.42482017564764];
