Targets_x = [15.634044831695908,15.071325925634065,14.79609848450282,];
Targets_y = [
21.234247114646887,21.46660653762852,21.990989978104125,];
center_x = [16.9836645789329];
center_y = [20.790795573522086];
image_corners_x = [19.220701873148894,14.745302482838628,14.746627284716906,19.22202667502717,19.220701873148894];
image_corners_y = [22.060980447530728,22.0586443802187,19.520610699513444,19.522946766825473,22.060980447530728];
