Targets_x = [12.107077037571953,11.447415758919615,11.807266316415134,12.539285063877191,12.835431892167323,14.112960688902303,11.033811368977789,11.529052698373887,12.261026750761644,13.695394438931775,13.323256045681438,10.594901287979395,11.191499466824673,14.025828461761018,13.726166724185202,12.711123292241465,10.871074934186913,9.987043260088237,13.388017558311963,13.100494672909962,];
Targets_y = [
21.425671562340927,21.49144616332229,21.57478041237398,21.63565345354026,21.647300659896757,21.659721477648432,21.759398122310394,21.850715684851888,21.898898634594634,22.00382888353585,22.034750152370282,22.04858962381966,22.093019290547108,22.142257817262895,22.333666972041065,22.383772913204833,22.394483729453093,22.410287577719647,22.406769358755813,22.441622690902747,];
center_x = [12.009443674421869];
center_y = [21.328723523663466];
image_corners_x = [14.251599302868806,9.776227060835271,9.767288045974931,14.242660288008466,14.251599302868806];
image_corners_y = [22.58985143458182,22.60561389745222,20.067595612745112,20.051833149874714,22.58985143458182];
