Targets_x = [15.462833615766398,14.611947285629963,15.004798974073607,13.244172666313217,14.440160301273425,14.037945444685246,14.726993815210339,12.751175242595103,12.281402659050615,13.173392728053273,13.752534687479427,];
Targets_y = [
21.810224598788608,21.91952767920802,22.014857571605905,22.16967218862215,22.366929796788177,22.42806057521609,22.50817927092887,22.56868924459839,22.608279520579575,22.70648987459737,22.773283933498334,];
center_x = [14.013437375317865];
center_y = [21.543822568706148];
image_corners_x = [16.24377690777332,11.768451427845898,11.783097842862412,16.258423322789834,16.24377690777332];
image_corners_y = [22.825731707389522,22.79990519557707,20.26191343002277,20.287739941835223,22.825731707389522];
