Targets_x = [15.103911484703191,14.253025154566757,14.6458768430104,12.88525053525001,14.081238170210218,13.67902331362204,14.368071684147132,12.392253111531897,11.922480527987409,12.814470596990066,13.39361255641622,];
Targets_y = [
21.235483628198867,21.34478670861828,21.440116601016165,21.59493121803241,21.792188826198437,21.85331960462635,21.93343830033913,21.99394827400865,22.033538549989835,22.13174890400763,22.198542962908594,];
center_x = [13.65451524425466];
center_y = [20.969081598116407];
image_corners_x = [15.884854776710112,11.409529296782692,11.424175711799206,15.899501191726626,15.884854776710112];
image_corners_y = [22.250990736799782,22.22516422498733,19.68717245943303,19.712998971245483,22.250990736799782];
