Targets_x = [16.79412828701741,15.943241956880975,16.33609364532462,14.575467337564229,15.771454972524436,15.369240115936257,16.05828848646135,14.082469913846115,13.612697330301627,14.504687399304284,15.083829358730439,];
Targets_y = [
21.627278427869694,21.736581508289106,21.83191140068699,21.986726017703237,22.183983625869264,22.245114404297176,22.325233100009957,22.385743073679475,22.42533334966066,22.523543703678456,22.59033776257942,];
center_x = [15.344732046568877];
center_y = [21.360876397787234];
image_corners_x = [17.575071579024332,13.09974609909691,13.114392514113424,17.589717994040846,17.575071579024332];
image_corners_y = [22.64278553647061,22.616959024658158,20.078967259103855,20.10479377091631,22.64278553647061];
