Targets_x = [10.081639298183974,11.140940282902099,8.032664296562071,9.085644416767765,10.831427123238072,9.608179009406612,7.544914167316518,10.060271890448393,8.373064493183147,8.86739721391457,11.036082062653234,6.686506486207769,10.327525501847845,7.212860755680163,8.65481163099647,6.683064618403181,];
Targets_y = [
21.026075382583404,21.261618443652658,21.18414626683145,21.283420616747915,21.53019054420678,21.383664124955445,21.29028355908511,21.516588426481274,21.388956705452003,21.470024079889097,21.843193758415683,21.524439150987433,21.84297036389507,21.684382625896475,21.801330643057955,21.948465950752244,];
center_x = [8.953079300393002];
center_y = [20.916650637033495];
image_corners_x = [11.08508847119949,6.6232967563864396,6.821070129586513,11.282861844399564,11.08508847119949];
image_corners_y = [22.356179158970658,22.007438777561195,19.47712211509633,19.825862496505792,22.356179158970658];
