Targets_x = [15.642068652865087,15.079349746803244,14.804122305672,];
Targets_y = [
21.352693351494498,21.58505277447613,22.109436214951735,];
center_x = [16.991688400102078];
center_y = [20.909241810369696];
image_corners_x = [19.228725694318072,14.753326304007807,14.754651105886085,19.23005049619635,19.228725694318072];
image_corners_y = [22.17942668437834,22.17709061706631,19.639056936361055,19.641393003673084,22.17942668437834];
