Targets_x = [9.079261129897835,10.13856211461596,7.030286128275933,8.083266248481626,9.829048954951933,8.605800841120473,6.542535999030379,9.057893722162254,7.370686324897009,7.865019045628432,10.033703894367095,5.68412831792163,9.325147333561706,6.210482587394024,7.652433462710332,5.680686450117042,];
Targets_y = [
21.70267854119088,21.938221602260136,21.86074942543893,21.960023775355392,22.206793702814256,22.060267283562922,21.96688671769259,22.19319158508875,22.06555986405948,22.146627238496574,22.51979691702316,22.20104230959491,22.519573522502547,22.360985784503953,22.477933801665433,22.62506910935972,];
center_x = [7.950701132106863];
center_y = [21.593253795640972];
image_corners_x = [10.082710302913352,5.6209185881003005,5.818691961300374,10.280483676113425,10.082710302913352];
image_corners_y = [23.032782317578135,22.684041936168672,20.153725273703806,20.50246565511327,23.032782317578135];
