Targets_x = [12.218005235012729,11.55834395636039,11.91819451385591,12.650213261317967,12.946360089608099,14.22388888634308,11.144739566418565,11.639980895814663,12.37195494820242,13.80632263637255,13.434184243122214,10.705829485420171,11.30242766426545,14.136756659201794,13.837094921625978,12.822051489682242,10.982003131627689,10.097971457529013,13.49894575575274,13.211422870350738,];
Targets_y = [
21.177465907769093,21.243240508750457,21.326574757802145,21.387447798968427,21.399095005324924,21.4115158230766,21.51119246773856,21.602510030280055,21.6506929800228,21.755623228964016,21.78654449779845,21.800383969247825,21.844813635975274,21.89405216269106,22.085461317469232,22.135567258633,22.14627807488126,22.162081923147813,22.15856370418398,22.193417036330914,];
center_x = [12.120371871862645];
center_y = [21.080517869091633];
image_corners_x = [14.362527500309582,9.887155258276048,9.878216243415707,14.353588485449242,14.362527500309582];
image_corners_y = [22.341645780009987,22.357408242880386,19.81938995817328,19.80362749530288,22.341645780009987];
