Targets_x = [14.358662796295338,14.76245078979574,10.541279129693443,12.965678786909328,11.450345398630624,11.08749452409925,14.162195509899567,13.740919021370349,14.438494530556735,10.756556884110521,12.48120789789491,12.046008107883496,12.880415571268715,13.442870282486993,12.537174615477314,13.199362867125638,12.144115537375667,11.34139338215508,11.813737171210883,];
Targets_y = [
21.221187417181536,21.350393671513853,21.051867287308184,21.423453575628482,21.358575228413095,21.33118447820473,21.70333616560733,21.750929443138503,21.8751906951394,21.625753068834324,21.809102629724915,21.82556374765705,21.98461352335481,22.099759720378124,22.18870038435875,22.283957025730114,22.251836949051643,22.202188917327106,22.282917398116727,];
center_x = [12.524175270023886];
center_y = [22.23417223817877];
image_corners_x = [14.626089647336773,10.1724252494422,10.422260892711,14.87592529060557,14.626089647336773];
image_corners_y = [23.717297796019018,23.27675427838837,20.75104668033852,21.191590197969166,23.717297796019018];
