Targets_x = [15.681773411731003,15.11905450566916,14.843827064537916,];
Targets_y = [
21.52683236278163,21.75919178576326,22.283575226238867,];
center_x = [17.031393158967997];
center_y = [21.083380821656828];
image_corners_x = [19.268430453183992,14.793031062873723,14.794355864752001,19.269755255062268,19.268430453183992];
image_corners_y = [22.35356569566547,22.35122962835344,19.813195947648186,19.815532014960215,22.35356569566547];
