Targets_x = [14.266639029544448,14.74904367159324,14.077098271354219,13.565317105660673,14.436968980452919,15.038537188869865,];
Targets_y = [
21.101680228417045,21.210877525235006,21.60113574699507,21.635808330586734,21.795133513023185,22.34829360809074,];
center_x = [15.732265572528144];
center_y = [22.34716570197697];
image_corners_x = [17.97202585782912,13.496631773009252,13.492505287227168,17.96789937204704,17.97202585782912];
image_corners_y = [23.612542852972698,23.61981922290177,21.081788550981244,21.074512181052167,23.612542852972698];
