Targets_x = [10.354037742621792,9.694376463969453,10.054227021464973,10.78624576892703,11.082392597217162,12.359921393952142,9.280772074027627,9.776013403423725,10.507987455811483,11.942355143981613,11.570216750731277,8.841861993029234,9.438460171874512,12.272789166810856,11.97312742923504,10.958083997291304,9.118035639236751,8.234003965138076,11.634978263361802,11.3474553779598,];
Targets_y = [
20.86544044189649,20.931215042877852,21.01454929192954,21.075422333095823,21.08706953945232,21.099490357203994,21.199167001865955,21.29048456440745,21.338667514150195,21.44359776309141,21.474519031925844,21.48835850337522,21.53278817010267,21.582026696818456,21.773435851596627,21.823541792760395,21.834252609008654,21.85005645727521,21.846538238311375,21.88139157045831,];
center_x = [10.256404379471707];
center_y = [20.768492403219028];
image_corners_x = [12.498560007918645,8.02318776588511,8.01424875102477,12.489620993058304,12.498560007918645];
image_corners_y = [22.029620314137382,22.04538277700778,19.507364492300674,19.491602029430275,22.029620314137382];
