Targets_x = [14.266654853888271,14.749059495937063,14.077114095698041,13.565332930004496,14.436984804796742,15.038553013213688,];
Targets_y = [
21.101176555643917,21.210373852461878,21.60063207422194,21.635304657813606,21.794629840250057,22.34778993531761,];
center_x = [15.732281396871967];
center_y = [22.34666202920384];
image_corners_x = [17.97204168217294,13.496647597353075,13.49252111157099,17.96791519639086,17.97204168217294];
image_corners_y = [23.61203918019957,23.619315550128643,21.081284878208116,21.07400850827904,23.61203918019957];
