Targets_x = [15.634032135063395,15.071313229001552,14.796085787870307,];
Targets_y = [
21.22933348511438,21.461692908096012,21.98607634857162,];
center_x = [16.983651882300386];
center_y = [20.78588194398958];
image_corners_x = [19.22068917651638,14.745289786206115,14.746614588084393,19.222013978394656,19.22068917651638];
image_corners_y = [22.05606681799822,22.053730750686192,19.515697069980938,19.518033137292967,22.05606681799822];
