Targets_x = [14.26686158260203,14.749266224650821,14.0773208244118,13.565539658718254,14.4371915335105,15.038759741927446,];
Targets_y = [
21.095238026472686,21.204435323290646,21.59469354505071,21.629366128642374,21.788691311078825,22.34185140614638,];
center_x = [15.732488125585725];
center_y = [22.34072350003261];
image_corners_x = [17.9722484108867,13.496854326066833,13.492727840284749,17.96812192510462,17.9722484108867];
image_corners_y = [23.60610065102834,23.61337702095741,21.075346349036884,21.068069979107808,23.60610065102834];
