Targets_x = [15.996866579567255,15.434147673505413,15.158920232374168,];
Targets_y = [
21.976539712035784,22.208899135017415,22.73328257549302,];
center_x = [17.34648632680425];
center_y = [21.533088170910982];
image_corners_x = [19.583523621020245,15.108124230709976,15.109449032588254,19.58484842289852,19.583523621020245];
image_corners_y = [22.803273044919624,22.800936977607595,20.26290329690234,20.26523936421437,22.803273044919624];
