Targets_x = [11.231850778816144,10.572189500163805,10.932040057659325,11.664058805121382,11.960205633411514,13.237734430146494,10.15858511022198,10.653826439618078,11.385800492005835,12.820168180175965,12.448029786925629,9.719675029223586,10.316273208068864,13.150602203005208,12.850940465429392,11.835897033485656,9.995848675431104,9.111817001332428,12.512791299556154,12.225268414154153,];
Targets_y = [
21.865707166168963,21.931481767150327,22.014816016202015,22.075689057368297,22.087336263724794,22.09975708147647,22.19943372613843,22.290751288679925,22.33893423842267,22.443864487363886,22.47478575619832,22.488625227647695,22.533054894375145,22.58229342109093,22.773702575869102,22.82380851703287,22.83451933328113,22.850323181547683,22.84680496258385,22.881658294730784,];
center_x = [11.13421741566606];
center_y = [21.768759127491503];
image_corners_x = [13.376373044112997,8.901000802079462,8.892061787219122,13.367434029252657,13.376373044112997];
image_corners_y = [23.029887038409857,23.045649501280256,20.50763121657315,20.49186875370275,23.029887038409857];
