Targets_x = [8.137255155510436,11.622844972264057,10.138184286358538,11.91902577303262,8.315279199452625,10.612436465591449,8.789531378685536,11.331888223745056,9.720421388356007,10.287576386102147,12.35208215160659,9.142138347988276,9.988348921103253,11.769616418476753,12.154832908477493,];
Targets_y = [
20.93578232442838,20.93547119086195,20.962159466375667,20.95551685509959,21.032410268656193,21.0915231566939,21.161773958974425,21.18190146735874,21.234443251799593,21.321159549446058,21.38114023705665,21.566546989817173,21.618381709702085,21.725949835101066,21.800654512379,];
center_x = [10.15115689870606];
center_y = [22.171915713326346];
image_corners_x = [12.393574784296117,7.918205917547468,7.908739013116001,12.38410787986465,12.393574784296117];
image_corners_y = [23.43257724453105,23.44927055267853,20.91125418212164,20.89456087397416,23.43257724453105];
