Targets_x = [15.086145416427598,14.235259086291164,14.628110774734807,12.867484466974418,14.063472101934625,13.661257245346446,14.35030561587154,12.374487043256304,11.904714459711816,12.796704528714473,13.375846488140628,];
Targets_y = [
21.062060321101562,21.171363401520974,21.26669329391886,21.421507910935105,21.61876551910113,21.679896297529044,21.760014993241825,21.820524966911343,21.86011524289253,21.958325596910324,22.025119655811288,];
center_x = [13.636749175979066];
center_y = [20.7956582910191];
image_corners_x = [15.867088708434519,11.391763228507099,11.406409643523613,15.881735123451033,15.867088708434519];
image_corners_y = [22.077567429702476,22.051740917890026,19.513749152335723,19.539575664148177,22.077567429702476];
