Targets_x = [15.086309720380067,14.235423390243632,14.628275078687276,12.867648770926886,14.063636405887094,13.661421549298915,14.350469919824008,12.374651347208772,11.904878763664284,12.796868832666942,13.376010792093096,];
Targets_y = [
21.032085611644437,21.14138869206385,21.236718584461734,21.39153320147798,21.588790809644006,21.64992158807192,21.7300402837847,21.790550257454218,21.830140533435404,21.9283508874532,21.995144946354163,];
center_x = [13.636913479931534];
center_y = [20.765683581561976];
image_corners_x = [15.867253012386987,11.391927532459567,11.406573947476081,15.881899427403502,15.867253012386987];
image_corners_y = [22.04759272024535,22.0217662084329,19.483774442878598,19.509600954691052,22.04759272024535];
