Targets_x = [15.634126096627064,15.071407190565221,14.796179749433977,];
Targets_y = [
21.21596679215394,21.44832621513557,21.972709655611176,];
center_x = [16.983745843864057];
center_y = [20.772515251029137];
image_corners_x = [19.22078313808005,14.745383747769784,14.746708549648062,19.222107939958327,19.22078313808005];
image_corners_y = [22.04270012503778,22.04036405772575,19.502330377020495,19.504666444332525,22.04270012503778];
