Targets_x = [10.017453000600424,11.076753985318549,7.968477998978521,9.021458119184215,10.767240825654522,9.543992711823062,7.480727869732967,9.996085592864842,8.308878195599597,8.80321091633102,10.971895765069684,6.622320188624218,10.263339204264295,7.148674458096612,8.59062533341292,6.61887832081963,];
Targets_y = [
21.187191904956745,21.422734966026,21.345262789204792,21.444537139121255,21.69130706658012,21.544780647328786,21.451400081458452,21.677704948854615,21.550073227825344,21.631140602262438,22.004310280789024,21.685555673360774,22.00408688626841,21.845499148269816,21.962447165431296,22.109582473125585,];
center_x = [8.888893002809452];
center_y = [21.077767159406836];
image_corners_x = [11.02090217361594,6.559110458802889,6.756883832002962,11.218675546816014,11.02090217361594];
image_corners_y = [22.517295681344,22.168555299934535,19.63823863746967,19.986979018879133,22.517295681344];
