Targets_x = [10.102240521556352,11.161541506274476,8.05326551993445,9.106245640140143,10.85202834661045,9.62878023277899,7.565515390688897,10.08087311382077,8.393665716555526,8.88799843728695,11.056683286025612,6.707107709580147,10.348126725220222,7.233461979052541,8.67541285436885,6.7036658417755595,];
Targets_y = [
20.942860128866872,21.178403189936127,21.10093101311492,21.200205363031383,21.446975290490247,21.300448871238913,21.20706830536858,21.433373172764743,21.30574145173547,21.386808826172565,21.759978504699152,21.441223897270902,21.75975511017854,21.601167372179944,21.718115389341424,21.865250697035712,];
center_x = [8.97368052376538];
center_y = [20.833435383316964];
image_corners_x = [11.105689694571868,6.643897979758818,6.841671352958891,11.303463067771942,11.105689694571868];
image_corners_y = [22.272963905254127,21.924223523844663,19.393906861379797,19.74264724278926,22.272963905254127];
