Targets_x = [9.963829823107421,9.569585111378139,9.031034817225075,7.943260379338621,10.08578898521709,8.675597931668312,9.371037496242257,9.589672362411878,7.633485492701154,7.05961742692045,8.077871124760613,5.932899372231024,9.752620770371747,8.584525806515694,10.198984136163208,6.60105803644832,9.01098589864416,7.3954708068154185,7.8690471776483015,6.797811895222947,9.949830187778028,10.187573292402856,5.773159583267661,9.642895965395576,9.266576793597286,8.33424720063406,7.657780083884868,6.278757502841516,8.689674231903355,6.9680021392460185,7.166733731752646,6.576849964457723,5.766819010180298,];
Targets_y = [
20.75037679739641,20.80017824115045,20.796270960426746,20.76216436548868,21.035701593644777,20.946693721417272,21.060451743460142,21.0860264913457,20.97980051050483,20.93918907368359,21.048478028603043,20.914767461459842,21.281209988279684,21.13475146434358,21.324584339753248,21.05185091639536,21.269915226574856,21.147887084452915,21.223089153009234,21.194518241663275,21.58090237459894,21.633428400552475,21.275662281006024,21.59934151418934,21.582656713810323,21.514027382452404,21.53752693842833,21.42974045003429,21.635153176901458,21.56847201641314,21.685836175056405,21.741560965718985,21.6824906807324,];
center_x = [8.0413805089];
center_y = [20.6467877949];
image_corners_x = [10.173389679702717,5.711597964889666,5.9093713380897395,10.37116305290279,10.173389679702717];
image_corners_y = [22.08631631680204,21.737575935392577,19.20725927292771,19.555999654337175,22.08631631680204];
