Targets_x = [16.032689578176363,15.186033234315852,12.618187457913141,14.593420173927713,15.574630525791878,13.095614461183567,14.944069642378896,14.283581516042421,13.82248860127503,13.504873470205329,15.302544405397878,15.636273928745366,15.01422183926762,14.612006982679441,15.296825366928609,12.470877195619462,13.325261191280994,12.85546419704481,15.562484538794207,14.014285151114388,13.747478676739163,15.265555535961937,14.8258810701828,14.326596225473622,13.108238124549084,];
Targets_y = [
21.048029577104423,21.15735706821553,21.184839641116398,21.225849338069047,21.256892536197643,21.284887733624085,21.304015178446296,21.4059567674401,21.407525988321353,21.469144980583145,21.49220948338095,21.57027768099142,21.60898917207161,21.670119950499522,21.75021423552061,21.7888977150559,21.806518633605897,21.850338895863008,21.895571642478753,21.890867315594605,21.94431926360488,22.03768242744157,21.992843852746137,22.015343308781766,22.029462960953456,];
center_x = [14.5874989133];
center_y = [20.785881944];
image_corners_x = [16.817838445767514,12.342512965840093,12.357159380856608,16.832484860784028,16.817838445767514];
image_corners_y = [22.067791082672954,22.041964570860504,19.5039728053062,19.529799317118655,22.067791082672954];
