Targets_x = [9.070614165310012,12.56890984209047,10.183190231941046,12.869304891969243,11.075820657964533,10.458284008984513,9.248669765600308,11.554271308133602,9.727136193943428,12.277968871745522,11.948074078095283,10.658026203613897,13.018665435364749,12.519585328518104,11.233657034102613,12.714308587160605,13.306607076001526,8.886291676644486,12.000112437604669,10.083973190530427,9.339535723022564,10.549465529887819,10.930183763645404,11.27309998080353,12.292662781702967,12.715681288303168,11.548225314195102,13.096699307367748,];
Targets_y = [
20.96260328691205,20.966474846107722,20.979603763557563,20.982274704887047,21.001654732538064,21.016648427802508,21.067691285708385,21.122542590113724,21.192809170568303,21.217135149888772,21.231055929317645,21.265478463393467,21.332814733388915,21.351596667064147,21.356393231976092,21.38894111661609,21.412112335954316,21.445520636976166,21.573498801254196,21.597566423236998,21.61303346372301,21.646591151502367,21.64940114312191,21.72426360214037,21.75430128046782,21.756953490346838,21.769768320953837,21.84013400036735,];
center_x = [11.1014517958];
center_y = [22.2029035904];
image_corners_x = [13.343869681406792,8.868500814658143,8.859033910226676,13.334402776975326,13.343869681406792];
image_corners_y = [23.46356512160277,23.48025842975025,20.94224205919336,20.92554875104588,23.46356512160277];
