Targets_x = [9.758044804065467,10.242550022827647,8.573687355379596,6.322191726262596,8.966656293968486,7.188907733342026,7.718849883305111,6.548215107371877,9.970202396855344,10.229183091631995,9.640580194839126,9.235008968230906,8.222303511848496,5.9881166055746755,8.606256212508601,7.488892885728848,6.744724109337559,6.965358192770537,6.323463401743215,];
Targets_y = [
21.108600082338025,21.186699920892217,20.93430659412917,20.63246093937436,21.02490649529786,20.786796033654095,20.90560592350437,20.784563439368032,21.41682865429676,21.488193914550717,21.42079089102526,21.388209763995835,21.2684716703215,21.02466523478693,21.421878560777177,21.25720239302569,21.231568470286724,21.391444152990072,21.397585823942276,];
center_x = [7.90228636039];
center_y = [22.0985829784];
image_corners_x = [9.936954757334561,5.506968446292532,5.867617963443893,10.297604274485922,9.936954757334561];
image_corners_y = [23.6726954217616,23.03675010651803,20.52447053503862,21.160415850282188,23.6726954217616];
