Targets_x = [16.580606494935147,16.022115437004683,15.734334723663999,16.123462351985587,15.746883579867177,];
Targets_y = [
21.220871164842233,21.457462851961502,21.719576188088176,21.791690278662827,21.99030640470613,];
center_x = [17.9344518823];
center_y = [20.785881944];
image_corners_x = [20.17148917651638,15.696089786206114,15.697414588084392,20.172813978394657,20.17148917651638];
image_corners_y = [22.05606681799822,22.053730750686192,19.515697069980938,19.518033137292967,22.05606681799822];
