Targets_x = [11.299175740490261,12.352483125359912,10.030166598136708,9.505836497952547,10.647959624428847,10.770824186844996,12.733528530302292,11.003595049807954,11.7313986651536,12.031760625560143,13.309289422295123,13.06409663835444,10.225910071896099,9.291192523893784,9.57469395583468,10.725381431766706,11.457355484154464,11.131747426123756,12.20632415023077,12.891738070682695,11.703099507344866,12.515354748599744,11.897770299321014,9.787014889255804,10.387828200217493,13.408129552451353,13.217927164679324,12.710636373258016,11.187870097508052,12.91828032546161,13.426152152848841,11.903221995159774,10.071633698054244,9.183386891839158,12.580116261230271,11.484523469973603,9.66562526429161,10.435580200801368,12.296823406302781,10.727556592049389,];
Targets_y = [
20.917618418769592,20.922368788551577,20.922087926199765,20.97892571877289,20.979133192560244,21.033691536343984,21.0183186372363,21.066712370444545,21.13183034044344,21.139232617967323,21.151653435719,21.19481784523395,21.25134497873906,21.288477759675377,21.31285975252971,21.342647642922454,21.3908305926652,21.421587979560528,21.460104101348097,21.499990872080925,21.504177310707185,21.526697008798948,21.52887216908163,21.544766510722834,21.584951248617674,21.591233942831916,21.63420467369156,21.724823116628375,21.74287661696812,21.829843858944248,21.90419660451339,21.875719769633502,21.886400789165556,21.906449566264726,21.898716215184482,21.898344859458017,21.90898118391577,21.93164986558854,21.933554648973313,21.960232092201185,];
center_x = [11.2057724078];
center_y = [20.8206554817];
image_corners_x = [13.447928036261626,8.972555794228091,8.96361677936775,13.438989021401285,13.447928036261626];
image_corners_y = [22.081783392652387,22.097545855522785,19.55952757081568,19.54376510794528,22.081783392652387];
