Targets_x = [15.312193579797551,15.715981573297952,14.694781152318491,12.767286330488155,15.059805161094978,11.485974495130042,13.222004868688336,14.371292996352224,15.407295089567047,13.914583665009344,13.613255494749694,15.73781021155864,12.395457156806003,12.032189889535848,15.106890875336164,14.690656684947927,15.387815801395531,11.702085035024684,15.65736136768099,13.430529168733706,12.625679464543607,11.326234815039879,12.991119866058876,14.0843439803308,12.015807691638212,12.257877462422458,13.830153234846293,14.902329785801136,14.401026971391405,15.35616995324815,13.231706406990408,13.486912279054891,14.149100530703215,11.396079248828876,13.08964368828983,12.28692153306924,12.763474834788461,11.76836427526706,];
Targets_y = [
21.25512400612884,21.384330260461155,21.308820293656574,21.15641442600425,21.400186519293744,21.089180603441335,21.286407880538526,21.485106136971723,21.625840757421457,21.461183284500418,21.499387995400387,21.722294866475206,21.391679031882834,21.368497794337888,21.740649481740483,21.78024012668361,21.90871089134792,21.654647359640645,22.06289458474876,21.84262282593344,21.771510838153034,21.6727284632523,21.85866755112679,21.979558201200184,21.79194741711222,21.837145759278616,22.01392420689992,22.132732893279403,22.12990318940079,22.228633853767565,22.090750021438637,22.218011067903856,22.31326770927522,22.040946858112232,22.280731239857964,22.231083208133427,22.312228081661832,22.230797445963102,];
center_x = [13.4747457191];
center_y = [22.2550638964];
image_corners_x = [15.576660096391914,11.122995698497341,11.37283134176614,15.82649573966071,15.576660096391914];
image_corners_y = [23.73818945423729,23.297645936606642,20.77193833855679,21.212481856187438,23.73818945423729];
