Targets_x = [15.216984872817552,14.502161253370364,15.707842739629774,14.916830057690845,15.391035941599434,15.797313418443217,15.031667288270887,14.524123051173511,15.391531119893283,15.717533910127832,14.816636183740595,15.35402461287136,15.997343134382705,];
Targets_y = [
21.135515854827165,21.17051855728139,21.24046934557265,21.245985484761267,21.5159384790868,21.63371967271796,21.63073444480902,21.669630202044242,21.820502159717265,21.997634741076336,22.062550410326985,22.167428248833133,22.38211547954825,];
center_x = [16.6826045383];
center_y = [22.3767712773];
image_corners_x = [18.92236482362592,14.446970738806053,14.442844253023969,18.91823833784384,18.92236482362592];
image_corners_y = [23.64214842826295,23.649424798192022,21.111394126271495,21.10411775634242,23.64214842826295];
