
Targets1_x = [15.715981573297952,15.73781021155864,15.65736136768099,15.312193579797551,15.407295089567047,15.387815801395531,15.35616995324815,15.059805161094978,15.106890875336164,14.902329785801136,]
Targets1_y = [21.384330260461155,21.722294866475206,22.06289458474876,21.25512400612884,21.625840757421457,21.90871089134792,22.228633853767565,21.400186519293744,21.740649481740483,22.132732893279403,]
Targets2_x = [15.746883579867177,15.734334723663999,16.123462351985587,16.022115437004683,16.580606494935147,]
Targets2_y = [
21.99030640470613,21.719576188088176,21.791690278662827,21.457462851961502,21.220871164842233,]
center1_x = [13.4747457191,17.9344518823]
center1_y = [22.2550638964,20.785881944]
image_corners1_x = [15.576660096391914,11.122995698497341,11.37283134176614,15.82649573966071,]
image_corners1_y = [23.73818945423729,23.297645936606642,20.77193833855679,21.212481856187438,]
image_corners2_x = [20.17148917651638,15.696089786206114,15.697414588084392,20.172813978394657,]
image_corners2_y = [22.05606681799822,22.053730750686192,19.515697069980938,19.518033137292967,]