
Targets1_x = [13.426152152848841,13.408129552451353,13.309289422295123,13.217927164679324,13.06409663835444,12.91828032546161,12.891738070682695,12.733528530302292,12.710636373258016,12.580116261230271,12.515354748599744,12.352483125359912,12.296823406302781,12.20632415023077,12.031760625560143,11.903221995159774,11.897770299321014,11.7313986651536,11.703099507344866,11.484523469973603,11.457355484154464,]
Targets1_y = [21.90419660451339,21.591233942831916,21.151653435719,21.63420467369156,21.19481784523395,21.829843858944248,21.499990872080925,21.0183186372363,21.724823116628375,21.898716215184482,21.526697008798948,20.922368788551577,21.933554648973313,21.460104101348097,21.139232617967323,21.875719769633502,21.52887216908163,21.13183034044344,21.504177310707185,21.898344859458017,21.3908305926652,]
Targets2_x = [12.470877195619462,12.618187457913141,12.85546419704481,13.095614461183567,13.108238124549084,13.325261191280994,13.504873470205329,13.747478676739163,13.82248860127503,14.014285151114388,14.283581516042421,14.326596225473622,]
Targets2_y = [
21.7888977150559,21.184839641116398,21.850338895863008,21.284887733624085,22.029462960953456,21.806518633605897,21.469144980583145,21.94431926360488,21.407525988321353,21.890867315594605,21.4059567674401,22.015343308781766,]
center1_x = [11.2057724078,14.5874989133]
center1_y = [20.8206554817,20.785881944]
image_corners1_x = [13.447928036261626,8.972555794228091,8.96361677936775,13.438989021401285,]
image_corners1_y = [22.081783392652387,22.097545855522785,19.55952757081568,19.54376510794528,]
image_corners2_x = [16.817838445767514,12.342512965840093,12.357159380856608,16.832484860784028,]
image_corners2_y = [22.067791082672954,22.041964570860504,19.5039728053062,19.529799317118655,]