
Targets1_x = [12.869304891969243,12.56890984209047,11.075820657964533,10.183190231941046,10.458284008984513,11.554271308133602,9.070614165310012,12.277968871745522,11.948074078095283,13.018665435364749,9.248669765600308,12.519585328518104,13.306607076001526,12.714308587160605,9.727136193943428,10.658026203613897,11.233657034102613,12.000112437604669,12.715681288303168,10.930183763645404,12.292662781702967,10.083973190530427,10.549465529887819,13.096699307367748,11.27309998080353,11.548225314195102,9.339535723022564,]
Targets1_y = [20.982274704887047,20.966474846107722,21.001654732538064,20.979603763557563,21.016648427802508,21.122542590113724,20.96260328691205,21.217135149888772,21.231055929317645,21.332814733388915,21.067691285708385,21.351596667064147,21.412112335954316,21.38894111661609,21.192809170568303,21.265478463393467,21.356393231976092,21.573498801254196,21.756953490346838,21.64940114312191,21.75430128046782,21.597566423236998,21.646591151502367,21.84013400036735,21.72426360214037,21.769768320953837,21.61303346372301,]
Targets2_x = [9.183386891839158,9.66562526429161,10.727556592049389,10.435580200801368,10.071633698054244,11.484523469973603,12.296823406302781,11.903221995159774,12.580116261230271,11.187870097508052,13.426152152848841,12.91828032546161,9.787014889255804,10.387828200217493,12.710636373258016,13.217927164679324,11.897770299321014,11.703099507344866,9.57469395583468,9.291192523893784,12.515354748599744,11.131747426123756,13.408129552451353,12.20632415023077,10.725381431766706,12.891738070682695,11.457355484154464,10.225910071896099,9.505836497952547,11.7313986651536,11.003595049807954,12.031760625560143,10.770824186844996,13.06409663835444,10.647959624428847,10.030166598136708,13.309289422295123,11.299175740490261,12.733528530302292,]
Targets2_y = [
21.906449566264726,21.90898118391577,21.960232092201185,21.93164986558854,21.886400789165556,21.898344859458017,21.933554648973313,21.875719769633502,21.898716215184482,21.74287661696812,21.90419660451339,21.829843858944248,21.544766510722834,21.584951248617674,21.724823116628375,21.63420467369156,21.52887216908163,21.504177310707185,21.31285975252971,21.288477759675377,21.526697008798948,21.421587979560528,21.591233942831916,21.460104101348097,21.342647642922454,21.499990872080925,21.3908305926652,21.25134497873906,20.97892571877289,21.13183034044344,21.066712370444545,21.139232617967323,21.033691536343984,21.19481784523395,20.979133192560244,20.922087926199765,21.151653435719,20.917618418769592,21.0183186372363,]
center1_x = [11.1014517958,11.2057724078]
center1_y = [22.2029035904,20.8206554817]
image_corners1_x = [13.343869681406792,8.868500814658143,8.859033910226676,13.334402776975326,]
image_corners1_y = [23.46356512160277,23.48025842975025,20.94224205919336,20.92554875104588,]
image_corners2_x = [13.447928036261626,8.972555794228091,8.96361677936775,13.438989021401285,]
image_corners2_y = [22.081783392652387,22.097545855522785,19.55952757081568,19.54376510794528,]