
Targets1_x = [9.070614165310012,8.886291676644486,9.248669765600308,9.339535723022564,9.727136193943428,10.183190231941046,10.083973190530427,10.458284008984513,10.658026203613897,10.549465529887819,11.075820657964533,10.930183763645404,]
Targets1_y = [20.96260328691205,21.445520636976166,21.067691285708385,21.61303346372301,21.192809170568303,20.979603763557563,21.597566423236998,21.016648427802508,21.265478463393467,21.646591151502367,21.001654732538064,21.64940114312191,]
Targets2_x = [10.187573292402856,10.198984136163208,9.949830187778028,10.08578898521709,9.642895965395576,9.752620770371747,9.963829823107421,9.589672362411878,9.266576793597286,9.569585111378139,9.371037496242257,9.01098589864416,8.689674231903355,9.031034817225075,8.584525806515694,8.675597931668312,8.33424720063406,8.077871124760613,]
Targets2_y = [
21.633428400552475,21.324584339753248,21.58090237459894,21.035701593644777,21.59934151418934,21.281209988279684,20.75037679739641,21.0860264913457,21.582656713810323,20.80017824115045,21.060451743460142,21.269915226574856,21.635153176901458,20.796270960426746,21.13475146434358,20.946693721417272,21.514027382452404,21.048478028603043,]
center1_x = [11.1014517958,8.0413805089]
center1_y = [22.2029035904,20.6467877949]
image_corners1_x = [13.343869681406792,8.868500814658143,8.859033910226676,13.334402776975326,]
image_corners1_y = [23.46356512160277,23.48025842975025,20.94224205919336,20.92554875104588,]
image_corners2_x = [10.173389679702717,5.711597964889666,5.9093713380897395,10.37116305290279,]
image_corners2_y = [22.08631631680204,21.737575935392577,19.20725927292771,19.555999654337175,]