
Targets1_x = [10.242550022827647,10.229183091631995,9.970202396855344,9.758044804065467,9.640580194839126,9.235008968230906,8.966656293968486,8.573687355379596,8.606256212508601,8.222303511848496,]
Targets1_y = [21.186699920892217,21.488193914550717,21.41682865429676,21.108600082338025,21.42079089102526,21.388209763995835,21.02490649529786,20.93430659412917,21.421878560777177,21.2684716703215,]
Targets2_x = [9.183386891839158,9.291192523893784,9.66562526429161,9.57469395583468,9.505836497952547,9.787014889255804,10.071633698054244,10.030166598136708,10.435580200801368,10.225910071896099,10.387828200217493,10.727556592049389,10.725381431766706,10.647959624428847,10.770824186844996,11.187870097508052,]
Targets2_y = [
21.906449566264726,21.288477759675377,21.90898118391577,21.31285975252971,20.97892571877289,21.544766510722834,21.886400789165556,20.922087926199765,21.93164986558854,21.25134497873906,21.584951248617674,21.960232092201185,21.342647642922454,20.979133192560244,21.033691536343984,21.74287661696812,]
center1_x = [7.90228636039,11.2057724078]
center1_y = [22.0985829784,20.8206554817]
image_corners1_x = [9.936954757334561,5.506968446292532,5.867617963443893,10.297604274485922,]
image_corners1_y = [23.6726954217616,23.03675010651803,20.52447053503862,21.160415850282188,]
image_corners2_x = [13.447928036261626,8.972555794228091,8.96361677936775,13.438989021401285,]
image_corners2_y = [22.081783392652387,22.097545855522785,19.55952757081568,19.54376510794528,]