
Targets1_x = [14.502161253370364,14.524123051173511,14.916830057690845,15.216984872817552,15.031667288270887,14.816636183740595,15.391035941599434,15.707842739629774,15.391531119893283,15.35402461287136,15.797313418443217,15.717533910127832,15.997343134382705,]
Targets1_y = [21.17051855728139,21.669630202044242,21.245985484761267,21.135515854827165,21.63073444480902,22.062550410326985,21.5159384790868,21.24046934557265,21.820502159717265,22.167428248833133,21.63371967271796,21.997634741076336,22.38211547954825,]
Targets2_x = [15.562484538794207,15.636273928745366,16.032689578176363,15.265555535961937,15.296825366928609,15.574630525791878,15.302544405397878,14.8258810701828,15.01422183926762,15.186033234315852,14.944069642378896,14.612006982679441,14.326596225473622,14.593420173927713,14.014285151114388,14.283581516042421,13.747478676739163,13.82248860127503,]
Targets2_y = [
21.895571642478753,21.57027768099142,21.048029577104423,22.03768242744157,21.75021423552061,21.256892536197643,21.49220948338095,21.992843852746137,21.60898917207161,21.15735706821553,21.304015178446296,21.670119950499522,22.015343308781766,21.225849338069047,21.890867315594605,21.4059567674401,21.94431926360488,21.407525988321353,]
center1_x = [16.6826045383,14.5874989133]
center1_y = [22.3767712773,20.785881944]
image_corners1_x = [18.92236482362592,14.446970738806053,14.442844253023969,18.91823833784384,]
image_corners1_y = [23.64214842826295,23.649424798192022,21.111394126271495,21.10411775634242,]
image_corners2_x = [16.817838445767514,12.342512965840093,12.357159380856608,16.832484860784028,]
image_corners2_y = [22.067791082672954,22.041964570860504,19.5039728053062,19.529799317118655,]