
Targets1_x = [10.242550022827647,10.229183091631995,9.970202396855344,9.758044804065467,9.640580194839126,9.235008968230906,8.966656293968486,8.606256212508601,8.573687355379596,8.222303511848496,]
Targets1_y = [21.186699920892217,21.488193914550717,21.41682865429676,21.108600082338025,21.42079089102526,21.388209763995835,21.02490649529786,21.421878560777177,20.93430659412917,21.2684716703215,]
Targets2_x = [8.886291676644486,9.070614165310012,9.248669765600308,9.339535723022564,9.727136193943428,10.083973190530427,10.183190231941046,10.458284008984513,10.549465529887819,]
Targets2_y = [
21.445520636976166,20.96260328691205,21.067691285708385,21.61303346372301,21.192809170568303,21.597566423236998,20.979603763557563,21.016648427802508,21.646591151502367,]
center1_x = [7.90228636039,11.1014517958]
center1_y = [22.0985829784,22.2029035904]
image_corners1_x = [9.936954757334561,5.506968446292532,5.867617963443893,10.297604274485922,]
image_corners1_y = [23.6726954217616,23.03675010651803,20.52447053503862,21.160415850282188,]
image_corners2_x = [13.343869681406792,8.868500814658143,8.859033910226676,13.334402776975326,]
image_corners2_y = [23.46356512160277,23.48025842975025,20.94224205919336,20.92554875104588,]