
Targets1_x = [13.306607076001526,13.018665435364749,12.869304891969243,13.096699307367748,12.56890984209047,12.714308587160605,12.715681288303168,12.519585328518104,12.277968871745522,12.292662781702967,11.948074078095283,12.000112437604669,11.554271308133602,11.548225314195102,]
Targets1_y = [21.412112335954316,21.332814733388915,20.982274704887047,21.84013400036735,20.966474846107722,21.38894111661609,21.756953490346838,21.351596667064147,21.217135149888772,21.75430128046782,21.231055929317645,21.573498801254196,21.122542590113724,21.769768320953837,]
Targets2_x = [12.470877195619462,12.85546419704481,12.618187457913141,13.108238124549084,13.095614461183567,13.325261191280994,13.504873470205329,13.747478676739163,14.014285151114388,13.82248860127503,]
Targets2_y = [
21.7888977150559,21.850338895863008,21.184839641116398,22.029462960953456,21.284887733624085,21.806518633605897,21.469144980583145,21.94431926360488,21.890867315594605,21.407525988321353,]
center1_x = [11.1014517958,14.5874989133]
center1_y = [22.2029035904,20.785881944]
image_corners1_x = [13.343869681406792,8.868500814658143,8.859033910226676,13.334402776975326,]
image_corners1_y = [23.46356512160277,23.48025842975025,20.94224205919336,20.92554875104588,]
image_corners2_x = [16.817838445767514,12.342512965840093,12.357159380856608,16.832484860784028,]
image_corners2_y = [22.067791082672954,22.041964570860504,19.5039728053062,19.529799317118655,]