
Targets1_x = [13.306607076001526,13.096699307367748,13.018665435364749,12.715681288303168,12.714308587160605,12.56890984209047,12.519585328518104,12.292662781702967,12.277968871745522,12.000112437604669,11.948074078095283,11.548225314195102,11.554271308133602,11.27309998080353,11.233657034102613,11.075820657964533,10.930183763645404,10.658026203613897,10.549465529887819,10.458284008984513,]
Targets1_y = [21.412112335954316,21.84013400036735,21.332814733388915,21.756953490346838,21.38894111661609,20.966474846107722,21.351596667064147,21.75430128046782,21.217135149888772,21.573498801254196,21.231055929317645,21.769768320953837,21.122542590113724,21.72426360214037,21.356393231976092,21.001654732538064,21.64940114312191,21.265478463393467,21.646591151502367,21.016648427802508,]
Targets2_x = [11.326234815039879,11.396079248828876,11.485974495130042,11.702085035024684,11.76836427526706,12.015807691638212,12.032189889535848,12.257877462422458,12.28692153306924,12.395457156806003,12.625679464543607,12.767286330488155,12.763474834788461,12.991119866058876,13.08964368828983,13.222004868688336,13.231706406990408,13.430529168733706,13.486912279054891,13.613255494749694,13.830153234846293,13.914583665009344,14.0843439803308,14.149100530703215,]
Targets2_y = [
21.6727284632523,22.040946858112232,21.089180603441335,21.654647359640645,22.230797445963102,21.79194741711222,21.368497794337888,21.837145759278616,22.231083208133427,21.391679031882834,21.771510838153034,21.15641442600425,22.312228081661832,21.85866755112679,22.280731239857964,21.286407880538526,22.090750021438637,21.84262282593344,22.218011067903856,21.499387995400387,22.01392420689992,21.461183284500418,21.979558201200184,22.31326770927522,]
center1_x = [11.1014517958,13.4747457191]
center1_y = [22.2029035904,22.2550638964]
image_corners1_x = [13.343869681406792,8.868500814658143,8.859033910226676,13.334402776975326,]
image_corners1_y = [23.46356512160277,23.48025842975025,20.94224205919336,20.92554875104588,]
image_corners2_x = [15.576660096391914,11.122995698497341,11.37283134176614,15.82649573966071,]
image_corners2_y = [23.73818945423729,23.297645936606642,20.77193833855679,21.212481856187438,]