
Targets1_x = [6.322191726262596,7.188907733342026,8.573687355379596,6.548215107371877,8.966656293968486,7.718849883305111,9.758044804065467,5.9881166055746755,9.970202396855344,8.222303511848496,9.640580194839126,9.235008968230906,7.488892885728848,6.744724109337559,8.606256212508601,6.965358192770537,6.323463401743215,]
Targets1_y = [20.63246093937436,20.786796033654095,20.93430659412917,20.784563439368032,21.02490649529786,20.90560592350437,21.108600082338025,21.02466523478693,21.41682865429676,21.2684716703215,21.42079089102526,21.388209763995835,21.25720239302569,21.231568470286724,21.421878560777177,21.391444152990072,21.397585823942276,]
Targets2_x = [5.766819010180298,6.576849964457723,7.166733731752646,6.9680021392460185,6.278757502841516,7.657780083884868,8.689674231903355,5.773159583267661,8.33424720063406,9.266576793597286,9.642895965395576,10.187573292402856,9.949830187778028,6.797811895222947,7.8690471776483015,7.3954708068154185,6.60105803644832,9.01098589864416,10.198984136163208,9.752620770371747,5.932899372231024,8.584525806515694,8.077871124760613,7.05961742692045,7.633485492701154,9.589672362411878,9.371037496242257,8.675597931668312,10.08578898521709,7.943260379338621,9.031034817225075,9.569585111378139,]
Targets2_y = [
21.6824906807324,21.741560965718985,21.685836175056405,21.56847201641314,21.42974045003429,21.53752693842833,21.635153176901458,21.275662281006024,21.514027382452404,21.582656713810323,21.59934151418934,21.633428400552475,21.58090237459894,21.194518241663275,21.223089153009234,21.147887084452915,21.05185091639536,21.269915226574856,21.324584339753248,21.281209988279684,20.914767461459842,21.13475146434358,21.048478028603043,20.93918907368359,20.97980051050483,21.0860264913457,21.060451743460142,20.946693721417272,21.035701593644777,20.76216436548868,20.796270960426746,20.80017824115045,]
center1_x = [7.90228636039,8.0413805089]
center1_y = [22.0985829784,20.6467877949]
image_corners1_x = [9.936954757334561,5.506968446292532,5.867617963443893,10.297604274485922,]
image_corners1_y = [23.6726954217616,23.03675010651803,20.52447053503862,21.160415850282188,]
image_corners2_x = [10.173389679702717,5.711597964889666,5.9093713380897395,10.37116305290279,]
image_corners2_y = [22.08631631680204,21.737575935392577,19.20725927292771,19.555999654337175,]