
Targets1_x = [15.707842739629774,15.216984872817552,15.797313418443217,15.391035941599434,15.717533910127832,15.391531119893283,15.997343134382705,15.35402461287136,]
Targets1_y = [21.24046934557265,21.135515854827165,21.63371967271796,21.5159384790868,21.997634741076336,21.820502159717265,22.38211547954825,22.167428248833133,]
Targets2_x = [15.746883579867177,15.734334723663999,16.123462351985587,16.022115437004683,16.580606494935147,]
Targets2_y = [
21.99030640470613,21.719576188088176,21.791690278662827,21.457462851961502,21.220871164842233,]
center1_x = [16.6826045383,17.9344518823]
center1_y = [22.3767712773,20.785881944]
image_corners1_x = [18.92236482362592,14.446970738806053,14.442844253023969,18.91823833784384,]
image_corners1_y = [23.64214842826295,23.649424798192022,21.111394126271495,21.10411775634242,]
image_corners2_x = [20.17148917651638,15.696089786206114,15.697414588084392,20.172813978394657,]
image_corners2_y = [22.05606681799822,22.053730750686192,19.515697069980938,19.518033137292967,]