
Targets1_x = [10.187573292402856,10.198984136163208,10.08578898521709,9.949830187778028,9.963829823107421,9.752620770371747,9.642895965395576,9.589672362411878,9.569585111378139,9.371037496242257,9.266576793597286,9.01098589864416,9.031034817225075,8.689674231903355,8.675597931668312,8.584525806515694,8.33424720063406,8.077871124760613,]
Targets1_y = [21.633428400552475,21.324584339753248,21.035701593644777,21.58090237459894,20.75037679739641,21.281209988279684,21.59934151418934,21.0860264913457,20.80017824115045,21.060451743460142,21.582656713810323,21.269915226574856,20.796270960426746,21.635153176901458,20.946693721417272,21.13475146434358,21.514027382452404,21.048478028603043,]
Targets2_x = [9.183386891839158,9.291192523893784,9.505836497952547,9.57469395583468,9.66562526429161,9.787014889255804,10.030166598136708,10.071633698054244,10.225910071896099,10.387828200217493,10.435580200801368,10.647959624428847,10.725381431766706,10.770824186844996,10.727556592049389,11.003595049807954,11.131747426123756,]
Targets2_y = [
21.906449566264726,21.288477759675377,20.97892571877289,21.31285975252971,21.90898118391577,21.544766510722834,20.922087926199765,21.886400789165556,21.25134497873906,21.584951248617674,21.93164986558854,20.979133192560244,21.342647642922454,21.033691536343984,21.960232092201185,21.066712370444545,21.421587979560528,]
center1_x = [8.0413805089,11.2057724078]
center1_y = [20.6467877949,20.8206554817]
image_corners1_x = [10.173389679702717,5.711597964889666,5.9093713380897395,10.37116305290279,]
image_corners1_y = [22.08631631680204,21.737575935392577,19.20725927292771,19.555999654337175,]
image_corners2_x = [13.447928036261626,8.972555794228091,8.96361677936775,13.438989021401285,]
image_corners2_y = [22.081783392652387,22.097545855522785,19.55952757081568,19.54376510794528,]