
Targets1_x = [11.485974495130042,11.326234815039879,11.396079248828876,11.702085035024684,12.032189889535848,12.015807691638212,11.76836427526706,12.395457156806003,12.257877462422458,12.767286330488155,12.28692153306924,12.625679464543607,13.222004868688336,12.991119866058876,12.763474834788461,13.08964368828983,13.231706406990408,13.613255494749694,13.430529168733706,13.914583665009344,13.486912279054891,13.830153234846293,14.0843439803308,14.149100530703215,]
Targets1_y = [21.089180603441335,21.6727284632523,22.040946858112232,21.654647359640645,21.368497794337888,21.79194741711222,22.230797445963102,21.391679031882834,21.837145759278616,21.15641442600425,22.231083208133427,21.771510838153034,21.286407880538526,21.85866755112679,22.312228081661832,22.280731239857964,22.090750021438637,21.499387995400387,21.84262282593344,21.461183284500418,22.218011067903856,22.01392420689992,21.979558201200184,22.31326770927522,]
Targets2_x = [13.426152152848841,13.408129552451353,13.217927164679324,12.91828032546161,13.309289422295123,12.891738070682695,13.06409663835444,12.710636373258016,12.580116261230271,12.296823406302781,12.515354748599744,12.733528530302292,12.20632415023077,11.903221995159774,12.352483125359912,11.897770299321014,12.031760625560143,11.484523469973603,11.703099507344866,11.7313986651536,11.457355484154464,11.187870097508052,11.131747426123756,10.727556592049389,11.299175740490261,11.003595049807954,10.435580200801368,10.725381431766706,10.770824186844996,10.387828200217493,]
Targets2_y = [
21.90419660451339,21.591233942831916,21.63420467369156,21.829843858944248,21.151653435719,21.499990872080925,21.19481784523395,21.724823116628375,21.898716215184482,21.933554648973313,21.526697008798948,21.0183186372363,21.460104101348097,21.875719769633502,20.922368788551577,21.52887216908163,21.139232617967323,21.898344859458017,21.504177310707185,21.13183034044344,21.3908305926652,21.74287661696812,21.421587979560528,21.960232092201185,20.917618418769592,21.066712370444545,21.93164986558854,21.342647642922454,21.033691536343984,21.584951248617674,]
center1_x = [13.4747457191,11.2057724078]
center1_y = [22.2550638964,20.8206554817]
image_corners1_x = [15.576660096391914,11.122995698497341,11.37283134176614,15.82649573966071,]
image_corners1_y = [23.73818945423729,23.297645936606642,20.77193833855679,21.212481856187438,]
image_corners2_x = [13.447928036261626,8.972555794228091,8.96361677936775,13.438989021401285,]
image_corners2_y = [22.081783392652387,22.097545855522785,19.55952757081568,19.54376510794528,]