
Targets1_x = [15.715981573297952,15.312193579797551,15.73781021155864,15.407295089567047,15.059805161094978,14.694781152318491,15.65736136768099,15.387815801395531,15.106890875336164,15.35616995324815,14.371292996352224,14.690656684947927,14.902329785801136,13.914583665009344,13.613255494749694,14.401026971391405,13.222004868688336,14.0843439803308,12.767286330488155,13.830153234846293,14.149100530703215,13.430529168733706,13.486912279054891,12.395457156806003,12.991119866058876,13.231706406990408,12.625679464543607,12.032189889535848,13.08964368828983,12.257877462422458,12.763474834788461,12.015807691638212,12.28692153306924,]
Targets1_y = [21.384330260461155,21.25512400612884,21.722294866475206,21.625840757421457,21.400186519293744,21.308820293656574,22.06289458474876,21.90871089134792,21.740649481740483,22.228633853767565,21.485106136971723,21.78024012668361,22.132732893279403,21.461183284500418,21.499387995400387,22.12990318940079,21.286407880538526,21.979558201200184,21.15641442600425,22.01392420689992,22.31326770927522,21.84262282593344,22.218011067903856,21.391679031882834,21.85866755112679,22.090750021438637,21.771510838153034,21.368497794337888,22.280731239857964,21.837145759278616,22.312228081661832,21.79194741711222,22.231083208133427,]
Targets2_x = [12.470877195619462,12.85546419704481,13.108238124549084,13.325261191280994,12.618187457913141,13.747478676739163,13.095614461183567,14.014285151114388,13.504873470205329,14.326596225473622,13.82248860127503,14.8258810701828,14.612006982679441,14.283581516042421,15.265555535961937,15.01422183926762,14.593420173927713,15.296825366928609,15.562484538794207,14.944069642378896,15.302544405397878,15.636273928745366,15.186033234315852,15.574630525791878,16.032689578176363,]
Targets2_y = [
21.7888977150559,21.850338895863008,22.029462960953456,21.806518633605897,21.184839641116398,21.94431926360488,21.284887733624085,21.890867315594605,21.469144980583145,22.015343308781766,21.407525988321353,21.992843852746137,21.670119950499522,21.4059567674401,22.03768242744157,21.60898917207161,21.225849338069047,21.75021423552061,21.895571642478753,21.304015178446296,21.49220948338095,21.57027768099142,21.15735706821553,21.256892536197643,21.048029577104423,]
center1_x = [13.4747457191,14.5874989133]
center1_y = [22.2550638964,20.785881944]
image_corners1_x = [15.576660096391914,11.122995698497341,11.37283134176614,15.82649573966071,]
image_corners1_y = [23.73818945423729,23.297645936606642,20.77193833855679,21.212481856187438,]
image_corners2_x = [16.817838445767514,12.342512965840093,12.357159380856608,16.832484860784028,]
image_corners2_y = [22.067791082672954,22.041964570860504,19.5039728053062,19.529799317118655,]