
Targets1_x = [15.73781021155864,15.715981573297952,15.65736136768099,15.407295089567047,15.387815801395531,15.35616995324815,15.312193579797551,15.106890875336164,15.059805161094978,14.902329785801136,14.690656684947927,14.694781152318491,14.401026971391405,14.371292996352224,14.149100530703215,14.0843439803308,13.914583665009344,13.830153234846293,13.613255494749694,]
Targets1_y = [21.722294866475206,21.384330260461155,22.06289458474876,21.625840757421457,21.90871089134792,22.228633853767565,21.25512400612884,21.740649481740483,21.400186519293744,22.132732893279403,21.78024012668361,21.308820293656574,22.12990318940079,21.485106136971723,22.31326770927522,21.979558201200184,21.461183284500418,22.01392420689992,21.499387995400387,]
Targets2_x = [14.502161253370364,14.524123051173511,14.816636183740595,14.916830057690845,15.031667288270887,15.216984872817552,15.35402461287136,15.391035941599434,15.391531119893283,15.707842739629774,15.717533910127832,15.797313418443217,15.997343134382705,]
Targets2_y = [
21.17051855728139,21.669630202044242,22.062550410326985,21.245985484761267,21.63073444480902,21.135515854827165,22.167428248833133,21.5159384790868,21.820502159717265,21.24046934557265,21.997634741076336,21.63371967271796,22.38211547954825,]
center1_x = [13.4747457191,16.6826045383]
center1_y = [22.2550638964,22.3767712773]
image_corners1_x = [15.576660096391914,11.122995698497341,11.37283134176614,15.82649573966071,]
image_corners1_y = [23.73818945423729,23.297645936606642,20.77193833855679,21.212481856187438,]
image_corners2_x = [18.92236482362592,14.446970738806053,14.442844253023969,18.91823833784384,]
image_corners2_y = [23.64214842826295,23.649424798192022,21.111394126271495,21.10411775634242,]