
Targets1_x = [16.032689578176363,15.636273928745366,15.574630525791878,15.562484538794207,15.302544405397878,15.296825366928609,15.265555535961937,15.186033234315852,15.01422183926762,14.944069642378896,14.8258810701828,]
Targets1_y = [21.048029577104423,21.57027768099142,21.256892536197643,21.895571642478753,21.49220948338095,21.75021423552061,22.03768242744157,21.15735706821553,21.60898917207161,21.304015178446296,21.992843852746137,]
Targets2_x = [15.734334723663999,15.746883579867177,16.022115437004683,16.123462351985587,16.580606494935147,]
Targets2_y = [
21.719576188088176,21.99030640470613,21.457462851961502,21.791690278662827,21.220871164842233,]
center1_x = [14.5874989133,17.9344518823]
center1_y = [20.785881944,20.785881944]
image_corners1_x = [16.817838445767514,12.342512965840093,12.357159380856608,16.832484860784028,]
image_corners1_y = [22.067791082672954,22.041964570860504,19.5039728053062,19.529799317118655,]
image_corners2_x = [20.17148917651638,15.696089786206114,15.697414588084392,20.172813978394657,]
image_corners2_y = [22.05606681799822,22.053730750686192,19.515697069980938,19.518033137292967,]