Targets2_x = [15.37580386701813,15.391035941599432,15.797313418443215,15.72479972805563,16.34380660900293,]
Targets2_y = [
21.80522160263873,21.5159384790868,21.633719672717962,21.267524709878636,21.07483407813904,]
center2_x = [15.594174680021325]
center2_y = [21.57482907590238]
image_corners2_x = [19.786351184142685,15.333063008053955,15.585046270384316,20.038334446473044,19.786351184142685]
image_corners2_y = [22.29280666926834,21.848476183359136,19.322981943611275,19.76731242952048,22.29280666926834]