Targets2_x = [13.752278371127584,13.755896503542951,13.59071828044649,13.322718328730337,13.698135623797373,13.32008129824788,13.48594520681225,13.15162778547001,13.029502590921437,12.78525401163284,12.996762362767146,13.214135607796363,12.736680741732542,12.452357197303922,12.894287096498495,12.468779262171385,12.606983678853465,12.09311940633394,12.303894645731381,12.350713514927135,12.100745940167581,11.849018535277843,11.820578505389737,11.442376471607743,11.994311508558154,11.732615955817323,11.194560805789827,11.478054576135126,11.535673177073843,11.174819644589089,]
Targets2_y = [
22.170229356738858,21.90164400151834,21.92681055153358,22.075811080341534,21.519925927093073,21.792271693535824,21.541915659581903,21.973428856802244,22.114122595734283,22.126680347798878,21.792220647649778,21.370969204936987,21.71652043367696,22.053325367460612,21.265800432874197,21.756542543122393,21.431660721821476,22.0472142931782,21.723603560849554,21.407077765502056,21.611789356886035,21.89630441619902,21.61828708055427,22.054100476040794,21.19771951350084,21.307184864212722,22.011924647845177,21.526117375445033,21.264813901515655,21.712698117717412,]
center2_x = [11.964606654343264]
center2_y = [20.98561110838433]
image_corners2_x = [14.153890640969582,9.6886737673236,9.859789480376644,14.325006354022625,14.153890640969582]
image_corners2_y = [22.444011642573464,22.142277601889926,19.610018505304307,19.91175254598784,22.444011642573464]