Targets2_x = [14.844930244346873,14.827802381612253,15.100615617624364,15.27023825599854,15.358881627206701,15.591316499501685,15.65122511663665,15.741902534755853,15.718025501145076,16.093517325344607,16.042957943724364,16.15509271479948,16.303232065260275,]
Targets2_y = [
20.962136046326435,21.483087213113727,21.915242698028713,21.073849534533405,21.483275172902214,20.982974442458865,22.067378844062954,21.39264204889316,21.709498818729017,21.13146270835812,21.919867095411465,21.54770017086592,22.34222612698611,]
center2_x = [17.007458364382778]
center2_y = [22.265321551949864]
image_corners2_x = [19.098009849434717,14.635262799910416,14.825977967750124,19.28872501727443,19.098009849434717]
image_corners2_y = [23.797378648629497,23.46108423600548,20.930225795821567,21.266520208445584,23.797378648629497]