Targets2_x = [12.435254881990817,12.83086420335262,13.080126890910453,13.32334127966961,12.635440561307153,13.752205946434316,13.124707566352722,14.034107383449275,13.536480367434143,14.349587477271598,13.87190905994358,14.871109866643573,14.673476114403183,14.352049323758143,15.3253548349483,15.096939105178121,14.688568057933477,15.380193841537164,15.645488379975522,15.047550306918732,15.406149190773267,15.74752458010542,15.310814896340965,15.707645888207757,16.200698012220823,]
Targets2_y = [
21.701382228281712,21.79516001941801,22.0012323418308,21.785961703074175,21.08395049678136,21.96215040705771,21.22511716402405,21.927188424043138,21.448664717250843,22.080985188329574,21.409139363620767,22.096268814425226,21.74371822936937,21.44325151987451,22.177033143387057,21.711259641091036,21.279771472137558,21.880189897157468,22.052108515066816,21.38832941678626,21.61203862571528,21.719183217293626,21.254409676074108,21.388156239697466,21.206231026933143,]
center2_x = [14.710514805245742]
center2_y = [20.91162255987645]
image_corners2_x = [16.88219540556409,12.421145233896576,12.624227244547933,17.085277416215447,16.88219540556409]
image_corners2_y = [22.29190581350554,21.933804534723652,19.40390840712393,19.76200968590582,22.29190581350554]