Targets2_x = [15.931698685952306,16.02082247066723,16.390167465857626,15.677294753080893,15.728427447989286,15.998635780103875,15.756129147177944,15.323390552962426,15.510993829586862,15.691195857777487,15.481129378332724,15.178117288565726,14.914946600713705,15.202671388051428,14.671833960835702,14.934364532259512,14.449870181445455,14.55887964852976,]
Targets2_y = [
21.75802905445775,21.49982035071709,21.11010304937174,21.84718876687272,21.615973426940204,21.239208310354027,21.406459972009394,21.771414880564354,21.47576811153111,21.12347182074027,21.221242977269284,21.489602815499325,21.745131670360614,21.126291743972033,21.61590702621182,21.245228815726872,21.63558623350043,21.2053191948596,]
center2_x = [15.28402076937143]
center2_y = [20.5619926855631]
image_corners2_x = [17.44469674912289,12.99889097467409,13.290285139533335,17.73609091398213,17.44469674912289]
image_corners2_y = [22.153711373794433,21.6398863297593,19.118635417973593,19.632460462008726,22.153711373794433]