Targets2_x = [10.231495133419255,10.274225046664347,10.030928464234963,10.206784760737653,9.762820198852548,9.891787231229285,10.131366781464248,9.7712432281157,9.438281339024549,9.784215763195446,9.584380257361897,9.249903877818547,8.932458073964376,9.317645077329528,8.894483304308734,8.993447225916544,8.637138997803847,8.464326768355539,]
Targets2_y = [
21.89458625877271,21.62799550107249,21.823763914606616,21.36546580121171,21.80712047662317,21.542928846748033,21.105089496572425,21.35635773788853,21.752643674086233,21.106358254421043,21.310936834924057,21.454286565331312,21.736829692494958,21.04571312811389,21.291743812323375,21.138358269159333,21.594011522125587,21.16306864184094,]
center2_x = [8.346186192944803]
center2_y = [20.846154149334545]
image_corners2_x = [10.330553890153203,5.9443672798664045,6.448606179519965,10.834792789806762,10.330553890153203]
image_corners2_y = [22.448859879834743,21.559718620112296,19.07227819839956,19.961419458122005,22.448859879834743]