Targets2_x = [15.299236444953523,15.303916340239601,15.556580210324883,15.637319221536842,16.04969460085188,]
Targets2_y = [
21.48040211683715,21.717072738852625,21.258218052019984,21.55238803148862,21.06459371078487,]
center2_x = [17.44025513189645]
center2_y = [20.587607110265218]
image_corners2_x = [19.66088220130052,15.18712178302889,15.25581648823614,19.729576906507774,19.66088220130052]
image_corners2_y = [21.96189650154024,21.840764838024786,19.303660631065448,19.424792294580904,21.96189650154024]