Targets2_x = [11.962959744451304,12.288343290382135,12.129223827549112,12.493001829330767,12.531578465042715,12.693705015543147,12.86995055915218,13.046259742442084,13.278367101741246,13.146125270573684,]
Targets2_y = [
21.174990654508417,21.253135943281762,20.667291704912984,21.423351401635767,20.78466834516448,21.246760601483384,20.969661489873356,21.392815944016746,21.36472434034017,20.937943880083658,]
center2_x = [13.896812281737605]
center2_y = [20.26017201547213]
image_corners2_x = [16.09487602809815,11.634901383110265,11.845443773764673,16.305418418752552,16.09487602809815]
image_corners2_y = [21.777603842803867,21.406347427283265,18.8770612391994,19.248317654720008,21.777603842803867]