Targets2_x = [12.7459297765351,12.893443425055228,13.089542354971293,13.319402444767121,13.31187084374751,13.51229783908068,13.682047139940465,13.887749668008968,13.968669421051136,14.128564008853875,14.382542651244268,14.40571175359197,]
Targets2_y = [
21.604699331574842,21.066285449676265,21.66958540636562,21.168173246153444,21.836753471628256,21.642157265282613,21.343912415329648,21.776529621151184,21.296654777936418,21.735314878517336,21.306926693882076,21.85494417393309,]
center2_x = [14.792318030172616]
center2_y = [20.627953495616538]
image_corners2_x = [17.01102760400962,12.53821230333579,12.624458273130395,17.097273573804227,17.01102760400962]
image_corners2_y = [22.012457176465542,21.860376783061053,19.323808559616538,19.47588895302103,22.012457176465542]