Targets2_x = [9.905408354722738,10.409313056376511,11.518515537163879,11.213681609404537,10.833800965422002,12.31012638928581,13.158623776181509,12.747875611021906,13.454994537652162,12.001627441639691,14.33903168918072,13.80903243216257,10.539671276392406,11.16712160452213,13.593060506279988,14.124041806277924,12.745519981774846,12.542330937387588,10.320034330623047,10.024016097401551,13.390903866050964,11.946075478094862,14.323213302529256,13.068614813340513,11.522191903190777,13.784473892740936,12.286625434611638,11.001134243656601,10.251296596155289,12.575489892184164,11.81557752068374,12.8892905980167,11.572654899403114,13.9675248352701,11.444789557720528,10.799758201693564,14.224162019847386,12.125889470754078,13.623788290061828,]
Targets2_y = [
21.79110444872996,21.79839547346518,21.862181489686698,21.829500966085405,21.77871062221314,21.804802689268545,21.849421300471622,21.78519337978418,21.81574489944144,21.639483858171975,21.829621892413577,21.747032345562907,21.4189680800887,21.466748099394053,21.635287557602485,21.545480039475294,21.422692318985078,21.3950113864995,21.174584984633007,21.1463752597737,21.426368685011976,21.303203255683382,21.502408790355084,21.353803500981964,21.216797605410584,21.40208713207182,21.274199098108987,21.116576669484218,20.824967527686137,21.006189145032995,20.931131082669676,21.016817841995064,20.894382649754004,21.084848031655536,20.83618672434051,20.770624232424126,21.042104130195252,20.778178409191725,20.89722556802749,]
center2_x = [11.994030906812624]
center2_y = [20.682532916483353]
image_corners2_x = [14.227201264626759,9.751873873976589,9.766331301430881,14.241658692081051,14.227201264626759]
image_corners2_y = [21.970907946528392,21.94541468278399,19.40742183364401,19.43291509738841,21.970907946528392]