Targets2_x = [11.221329342278999,11.250988682524927,11.471714109908703,11.636965010017466,11.636079288749578,11.9643836776842,12.03661934150178,12.224799133896493,12.206297357308156,12.433134201568219,12.637673207493652,12.872157023471576,12.719970362383826,13.02838616622564,13.082689502426199,13.355563680085272,13.263241102725413,13.51365667284512,13.527594610266373,13.758549054682213,13.931186993079358,14.094809930876544,14.215119570171286,14.243602453229851,]
Targets2_y = [
20.910183693313872,21.324054675271288,20.288912947064983,20.938425422565324,21.580501277664908,21.12958391717318,20.666016263539923,21.210283912241774,21.64721375319988,20.738022796418033,21.185200434030563,20.526914111737366,21.797468202547122,21.32783871414994,21.80459530740603,20.728091272060176,21.613864272187126,21.366458206770567,21.786490187716637,21.012401726428674,21.606006949152157,21.00897151909132,21.600762473921385,21.976032742880548,]
center2_x = [13.470348266378526]
center2_y = [21.747822346882543]
image_corners2_x = [15.371004557351986,10.998177537043803,11.538446721199335,15.911273741507518,15.371004557351986]
image_corners2_y = [23.52430178179929,22.571627120405036,20.091763025712304,21.04443768710656,23.52430178179929]