Targets2_x = [15.338363320267527,15.386343189155811,15.737810211558642,15.715981573297954,16.29557708046269,]
Targets2_y = [
21.82660321960021,21.56821420672934,21.72229486647521,21.38433026046116,21.284366893179588,]
center2_x = [15.726895892428296]
center2_y = [21.553312563468182]
image_corners2_x = [19.61940612453453,15.26230696360993,15.842004290293104,20.199103451217702,19.61940612453453]
image_corners2_y = [22.90752522511051,21.88532560572585,19.414380901987894,20.43658052137255,22.90752522511051]