Targets2_x = [9.66057475257311,9.85733287910785,10.101377781865862,10.110174670745936,10.096907257169491,10.26526448586773,10.585353596375404,10.468230236839407,10.709814846097329,10.802944589419353,10.790579878845051,11.135706890686992,11.147515305569284,11.238227745705565,11.050423279738672,11.443739770806031,11.502877952225948,]
Targets2_y = [
21.539873756062985,20.997500628258017,20.751584591626525,21.065056427313273,21.619518649441467,21.309139257195756,20.784213261842925,21.664193423666756,21.113802202230694,21.441904343179598,21.763551044185217,20.93497164959114,21.2766066939878,21.004090102334217,21.83627018255712,21.07133235801393,21.41328094578613,]
center2_x = [11.687443175948376]
center2_y = [20.56302444399476]
image_corners2_x = [13.785827241538312,9.376290730402825,9.810116267495886,14.219652778631373,13.785827241538312]
image_corners2_y = [22.474457246416744,21.709478216009312,19.208795884552515,19.973774914959947,22.474457246416744]