Targets2_x = [5.975291879657678,6.781648894353276,7.369597228791729,7.172537969625295,6.487082475368381,7.859796288784414,8.886842520492674,5.984656141307068,8.533741076752671,9.461837236980578,9.836530216438598,10.37877934545949,10.14237826188744,7.005829221257996,8.072577190612185,7.601453532355986,6.810929441533429,9.209609746936792,10.392459307291963,9.948201567344144,6.146463455126912,8.785863802986059,8.281876758649844,7.268503971372756,7.839778498143896,9.787365970734179,9.569794915570661,8.877982040301802,10.281880730909949,8.149948761177123,9.233128423571317,9.769501142134228,]
Targets2_y = [
21.039479355409494,21.10438479597915,21.05330318546017,20.934917799003017,20.791574082950092,20.909265712531823,21.01423606268836,20.634321325239988,20.890929689479858,20.966272614018532,20.985711187695983,21.023744192555956,20.969645925297588,20.561180243251624,20.5976655726393,20.51921426235343,20.417607447373992,20.65286313182251,20.71621763821921,20.66967103160607,20.276063297522622,20.51504243038855,20.42531601104003,20.308831695894188,20.353581995006415,20.474044907999584,20.446933616363243,20.328417396490487,20.427638910904,20.139135619093345,20.181258503012344,20.189186370401135,]
center2_x = [8.243883664234804]
center2_y = [20.017672892466944]
image_corners2_x = [10.371663599277584,5.912622222347229,6.129428901464135,10.58847027839449,10.371663599277584]
image_corners2_y = [21.47698466201297,21.094682217836827,18.565925293301657,18.9482277374778,21.47698466201297]