Targets2_x = [8.215486024075732,8.383973946547489,8.536658581432222,8.60591021167432,8.949720874791812,9.252290388241855,9.349294423674086,9.58739916199482,9.655433506880653,]
Targets2_y = [
21.244352459026718,20.82847068823604,20.922816416996152,21.39772802290187,21.039841394673406,21.397425402495603,20.862835876573364,20.899836248605542,21.448179398120814,]
center2_x = [10.32054391822059]
center2_y = [22.013432177912254]
image_corners2_x = [12.521691628096404,8.046906425244627,8.088974003946674,12.56375920679845,12.521691628096404]
image_corners2_y = [23.347325566199356,23.273146402421407,20.73546103218411,20.809640195962054,23.347325566199356]