Targets2_x = [9.764603873129785,9.991196480978655,10.177870570516983,10.229183091631997,10.242550022827649,10.36106145080238,10.531171832469353,10.704817801711044,10.83366198015255,10.801348443158114,10.867909386550364,11.07800974483649,11.210142137263288,11.222578012747254,11.316172270770641,11.520171868278199,]
Targets2_y = [
21.91265931980337,21.405759305404978,22.01946427307119,21.488193914550713,21.186699920892213,21.73326442034472,22.08818042013104,21.25169184510531,22.205975766662693,21.57670324514982,21.898107599310993,22.293853493789943,21.763423053342944,21.43468743045168,21.50816301337078,22.207212934281205,]
center2_x = [10.235866557229821]
center2_y = [21.337446917721465]
image_corners2_x = [13.79488597367076,9.452196323961877,10.065683141767762,14.408372791476644,13.79488597367076]
image_corners2_y = [23.202681687656938,22.120899932259224,19.658126974012223,20.739908729409933,23.202681687656938]