Targets_x = [6.49928269037129,9.659915164038873,9.936035030185044,];
Targets_y = [
21.35219024624447,20.94424867350323,20.943019549202205,];
center_x = [8.171781274820223];
center_y = [22.34199774014047];
image_corners_x = [10.521338665066068,6.06675976015897,5.8222238845743775,10.276802789481476,];
image_corners_y = [23.38951172086565,23.820709981479812,21.294483759415293,20.86328549880113,];
