Targets_x = [11.842711973714392,12.818910814817349,12.912813573743923,13.131422953246085,13.529590090936388,13.746359738373295,13.997972085264477,14.142253772337297,14.32515193968697,14.562953154553602,14.86338764760197,14.96325490311436,15.378124086612312,15.456658931525272,15.737062898333473,];
Targets_y = [
20.59322222980004,21.049109330804104,20.25850497308528,20.803660273235753,20.46110654043515,20.97220769147876,20.22194910569259,20.87936030925841,20.03403137805387,20.39950058651324,20.13473732444196,20.641119758366226,20.51046653429833,19.873069733255296,20.832610704714387,];
center_x = [14.083322046367961];
center_y = [21.315505798463];
image_corners_x = [16.510638084004675,12.106209137613428,11.656006008731248,16.060434955122492,];
image_corners_y = [22.167469602450694,22.961327786379606,20.463541994475307,19.669683810546395,];
