Targets_x = [5.977280238397409,6.198863044723467,6.257901311442915,6.499870009381562,6.856143607280175,6.998990937302489,7.400609995596841,7.445456729248669,7.548023412564327,7.829244712364535,8.174171865840151,8.207255246002207,8.40893784272239,8.404837755450274,8.539807910209733,8.636355962442957,9.011392634866173,9.00043250815268,9.206799055364252,9.603465709003927,9.683936411430066,9.689439952233162,10.007817446908497,10.277349620670677,10.332293254629818,10.543028343276793,];
Targets_y = [
21.669018028409894,20.484957016609748,20.890032299327043,21.347913308636155,20.514567808813432,21.462549981187532,20.5405663314653,20.933132897832856,21.60352785800581,20.85533155658881,21.139184035988443,20.898522746081795,21.227591913307336,21.524060063579302,20.815908681776524,21.624735475643686,20.770102676219533,21.191652535477036,21.701369090449187,21.360054206525394,21.105683746759613,21.894782739685205,21.35333384867747,21.227780685507067,21.780548748378756,21.232480999533884,];
center_x = [8.354342344890089];
center_y = [21.020603321293827];
image_corners_x = [10.19274064938976,5.866390062479494,6.515944040390418,10.842294627300685,];
image_corners_y = [22.820046886367848,21.674666705318252,19.221159756219805,20.3665399372694,];
