Targets_x = [9.086433158680235,9.452444800894996,9.479348953645918,9.762282672953253,10.194025071838166,10.230188149367937,10.342548373805249,10.643205958200681,10.941406756701127,11.071508603190622,11.256725151140508,11.386090088682502,11.54156773092571,11.556946424743128,11.8105775491366,12.098934715302958,12.274136404352461,12.355340980710192,12.700455356378347,12.872691652673758,13.187594029704307,13.222848971720278,13.46011843429635,13.490329164724011,];
Targets_y = [
21.987209738737306,21.079439376261057,21.526617544485486,22.071231311086706,21.70529703777802,21.42846533054517,22.266480474901062,21.69571848967045,21.568299194744444,22.139874189618688,21.57109589735213,22.18096859590252,21.67656139345531,22.309937809419658,21.609318768542092,21.45928359833194,21.750928317001005,22.43556366312194,22.079642980503692,21.675542911527153,21.9427770454784,22.587281928141458,21.620033754251853,21.943929971834734,];
center_x = [11.329523130921036];
center_y = [21.40569979028865];
image_corners_x = [13.383993583455103,8.94629742811632,9.275052678386968,13.712748833725751,];
image_corners_y = [22.953878277911453,22.37417318660088,19.857521302665848,20.437226393976417,];
