Targets_x = [9.07588021497834,9.414814765560237,9.744609453380239,9.876641282617827,10.495847940497068,10.842486659515869,10.8422505347502,11.068495543063817,11.131878886026502,11.6706808767156,11.982333246034433,12.250914585336416,12.293493622273319,12.771770895192802,13.052036421307276,13.122999289141157,];
Targets_y = [
21.436393594016025,20.95437242748662,21.52262699279227,20.84567566705086,21.254530666478548,21.22238319842304,20.64653594588046,21.332227277863993,20.560158159989903,20.545084266715996,21.2756101854584,20.784730950304045,20.35161612656046,20.50212471789911,21.225392393004476,20.44766485648126,];
center_x = [11.127551660594092];
center_y = [21.828751769301736];
image_corners_x = [13.554278562039968,9.14930225039433,8.700824759148215,13.105801070793854,];
image_corners_y = [22.682392218010946,23.47320752757493,20.975111320592525,20.18429601102854,];
