Targets_x = [14.903176702643114,15.370124140800558,];
Targets_y = [
20.409917327709042,20.769932001956292,];
center_x = [17.03909243214183];
center_y = [20.802259827624265];
image_corners_x = [19.45405401993361,15.038786605487653,14.624130844350043,19.039398258796002,];
image_corners_y = [21.688637850458623,22.419814175931283,19.915881804789908,19.18470547931725,];
