Targets_x = [12.060167282655723,12.203144663468647,12.613550509719317,12.777841681847981,13.246158823361965,13.400621914894177,13.581069280890187,13.717852321669076,13.754606879458297,14.097679042193228,14.210315773077589,14.258556041586097,14.340990268412204,14.642614109605066,14.688709633690404,15.00311768459094,15.02440819530189,15.142283945590952,15.43324799609046,15.478436178193558,15.817272620800214,16.033261840186825,16.066496105241633,16.475540938518943,];
Targets_y = [
21.81083624965313,22.6171203077342,22.194879782334223,21.72933264541405,22.043153252086608,22.791187209178766,21.67975027190352,22.05475820070487,22.61769758925775,22.016609186633076,22.38009796140593,22.884787248969896,21.876282572514988,22.881262583602034,22.268922573422575,21.86461510991175,22.17415201780894,22.529765541820137,22.83011853726285,22.362589499832133,22.792490080800604,23.14748271727461,22.260750705511438,22.055726639234567,];
center_x = [14.304703916951983];
center_y = [21.79079625928347];
image_corners_x = [16.36922794827202,11.927845319902696,12.240179885631944,16.68156251400127,];
image_corners_y = [23.32554249041604,22.77479253951347,20.256050028150902,20.806799979053473,];
