Targets_x = [14.95232789080513,15.243792438495042,15.323891051978661,15.51817788309675,15.903735481639702,15.925123317266213,16.395019168969693,16.62554639315576,16.687966022746636,17.127663604570927,];
Targets_y = [
22.85479027365438,21.694008869367348,22.062714635010938,22.47183849524208,22.820483395117012,22.294331072227845,22.781892089251787,22.189049528016167,23.18676249123374,21.968445765488223,];
center_x = [17.279884702982926];
center_y = [22.175892728278296];
image_corners_x = [19.33557947009183,14.897426026621854,15.224189935874021,19.662343379343998,];
image_corners_y = [23.722445182724844,23.146251489410183,20.629340273831748,21.20553396714641,];
