
Targets1_x = [12.203144663468647,12.060167282655723,12.613550509719317,13.400621914894177,12.777841681847981,13.754606879458297,13.246158823361965,13.717852321669076,14.210315773077589,13.581069280890187,14.097679042193228,14.340990268412204,]
Targets1_y = [22.6171203077342,21.81083624965313,22.194879782334223,22.791187209178766,21.72933264541405,22.61769758925775,22.043153252086608,22.05475820070487,22.38009796140593,21.67975027190352,22.016609186633076,21.876282572514988,]
Targets2_x = [13.122999289141157,12.771770895192802,12.293493622273319,13.052036421307276,12.250914585336416,]
Targets2_y = [
20.44766485648126,20.50212471789911,20.35161612656046,21.225392393004476,20.784730950304045,]
center1_x = [14.304703916951983,11.127551660594092]
center1_y = [21.79079625928347,21.828751769301736]
image_corners1_x = [16.36922794827202,11.927845319902696,12.240179885631944,16.68156251400127,]
image_corners1_y = [23.32554249041604,22.77479253951347,20.256050028150902,20.806799979053473,]
image_corners2_x = [13.554278562039968,9.14930225039433,8.700824759148215,13.105801070793854,]
image_corners2_y = [22.682392218010946,23.47320752757493,20.975111320592525,20.18429601102854,]