
Targets1_x = [13.187594029704307,13.46011843429635,12.872691652673758,11.386090088682502,12.274136404352461,11.071508603190622,10.342548373805249,11.8105775491366,11.54156773092571,12.098934715302958,11.256725151140508,9.762282672953253,10.643205958200681,10.941406756701127,10.194025071838166,10.230188149367937,9.479348953645918,9.452444800894996,]
Targets1_y = [21.9427770454784,21.620033754251853,21.675542911527153,22.18096859590252,21.750928317001005,22.139874189618688,22.266480474901062,21.609318768542092,21.67656139345531,21.45928359833194,21.57109589735213,22.071231311086706,21.69571848967045,21.568299194744444,21.70529703777802,21.42846533054517,21.526617544485486,21.079439376261057,]
Targets2_x = [9.414814765560237,9.876641282617827,10.8422505347502,11.131878886026502,9.07588021497834,11.6706808767156,12.293493622273319,]
Targets2_y = [
20.95437242748662,20.84567566705086,20.64653594588046,20.560158159989903,21.436393594016025,20.545084266715996,20.35161612656046,]
center1_x = [11.329523130921036,11.127551660594092]
center1_y = [21.40569979028865,21.828751769301736]
image_corners1_x = [13.383993583455103,8.94629742811632,9.275052678386968,13.712748833725751,]
image_corners1_y = [22.953878277911453,22.37417318660088,19.857521302665848,20.437226393976417,]
image_corners2_x = [13.554278562039968,9.14930225039433,8.700824759148215,13.105801070793854,]
image_corners2_y = [22.682392218010946,23.47320752757493,20.975111320592525,20.18429601102854,]