
Targets1_x = [13.46011843429635,13.490329164724011,13.187594029704307,12.872691652673758,12.098934715302958,12.700455356378347,13.222848971720278,12.274136404352461,11.8105775491366,12.355340980710192,11.54156773092571,11.256725151140508,10.941406756701127,11.556946424743128,11.386090088682502,11.071508603190622,]
Targets1_y = [21.620033754251853,21.943929971834734,21.9427770454784,21.675542911527153,21.45928359833194,22.079642980503692,22.587281928141458,21.750928317001005,21.609318768542092,22.43556366312194,21.67656139345531,21.57109589735213,21.568299194744444,22.309937809419658,22.18096859590252,22.139874189618688,]
Targets2_x = [11.842711973714392,12.818910814817349,13.131422953246085,12.912813573743923,13.746359738373295,13.529590090936388,14.142253772337297,13.997972085264477,]
Targets2_y = [
20.59322222980004,21.049109330804104,20.803660273235753,20.25850497308528,20.97220769147876,20.46110654043515,20.87936030925841,20.22194910569259,]
center1_x = [11.329523130921036,14.083322046367961]
center1_y = [21.40569979028865,21.315505798463]
image_corners1_x = [13.383993583455103,8.94629742811632,9.275052678386968,13.712748833725751,]
image_corners1_y = [22.953878277911453,22.37417318660088,19.857521302665848,20.437226393976417,]
image_corners2_x = [16.510638084004675,12.106209137613428,11.656006008731248,16.060434955122492,]
image_corners2_y = [22.167469602450694,22.961327786379606,20.463541994475307,19.669683810546395,]