
Targets1_x = [16.475540938518943,16.066496105241633,15.00311768459094,15.478436178193558,15.02440819530189,14.340990268412204,14.688709633690404,14.097679042193228,15.142283945590952,14.210315773077589,]
Targets1_y = [22.055726639234567,22.260750705511438,21.86461510991175,22.362589499832133,22.17415201780894,21.876282572514988,22.268922573422575,22.016609186633076,22.529765541820137,22.38009796140593,]
Targets2_x = [15.370124140800558,14.903176702643114,]
Targets2_y = [
20.769932001956292,20.409917327709042,]
center1_x = [14.304703916951983,17.03909243214183]
center1_y = [21.79079625928347,20.802259827624265]
image_corners1_x = [16.36922794827202,11.927845319902696,12.240179885631944,16.68156251400127,]
image_corners1_y = [23.32554249041604,22.77479253951347,20.256050028150902,20.806799979053473,]
image_corners2_x = [19.45405401993361,15.038786605487653,14.624130844350043,19.039398258796002,]
image_corners2_y = [21.688637850458623,22.419814175931283,19.915881804789908,19.18470547931725,]