
Targets1_x = [15.243792438495042,15.323891051978661,15.51817788309675,15.925123317266213,15.903735481639702,16.62554639315576,16.395019168969693,17.127663604570927,]
Targets1_y = [21.694008869367348,22.062714635010938,22.47183849524208,22.294331072227845,22.820483395117012,22.189049528016167,22.781892089251787,21.968445765488223,]
Targets2_x = [15.370124140800558,]
Targets2_y = [
20.769932001956292,]
center1_x = [17.279884702982926,17.03909243214183]
center1_y = [22.175892728278296,20.802259827624265]
image_corners1_x = [19.33557947009183,14.897426026621854,15.224189935874021,19.662343379343998,]
image_corners1_y = [23.722445182724844,23.146251489410183,20.629340273831748,21.20553396714641,]
image_corners2_x = [19.45405401993361,15.038786605487653,14.624130844350043,19.039398258796002,]
image_corners2_y = [21.688637850458623,22.419814175931283,19.915881804789908,19.18470547931725,]