
Targets1_x = [13.122999289141157,12.771770895192802,12.293493622273319,13.052036421307276,12.250914585336416,11.6706808767156,11.131878886026502,11.982333246034433,10.8422505347502,11.068495543063817,10.842486659515869,]
Targets1_y = [20.44766485648126,20.50212471789911,20.35161612656046,21.225392393004476,20.784730950304045,20.545084266715996,20.560158159989903,21.2756101854584,20.64653594588046,21.332227277863993,21.22238319842304,]
Targets2_x = [11.842711973714392,12.818910814817349,13.131422953246085,13.746359738373295,12.912813573743923,13.529590090936388,14.142253772337297,13.997972085264477,]
Targets2_y = [
20.59322222980004,21.049109330804104,20.803660273235753,20.97220769147876,20.25850497308528,20.46110654043515,20.87936030925841,20.22194910569259,]
center1_x = [11.127551660594092,14.083322046367961]
center1_y = [21.828751769301736,21.315505798463]
image_corners1_x = [13.554278562039968,9.14930225039433,8.700824759148215,13.105801070793854,]
image_corners1_y = [22.682392218010946,23.47320752757493,20.975111320592525,20.18429601102854,]
image_corners2_x = [16.510638084004675,12.106209137613428,11.656006008731248,16.060434955122492,]
image_corners2_y = [22.167469602450694,22.961327786379606,20.463541994475307,19.669683810546395,]