
Targets1_x = [10.543028343276793,10.277349620670677,10.332293254629818,10.007817446908497,9.683936411430066,9.603465709003927,9.689439952233162,9.011392634866173,9.00043250815268,9.206799055364252,8.539807910209733,8.636355962442957,8.40893784272239,8.207255246002207,8.404837755450274,8.174171865840151,7.829244712364535,]
Targets1_y = [21.232480999533884,21.227780685507067,21.780548748378756,21.35333384867747,21.105683746759613,21.360054206525394,21.894782739685205,20.770102676219533,21.191652535477036,21.701369090449187,20.815908681776524,21.624735475643686,21.227591913307336,20.898522746081795,21.524060063579302,21.139184035988443,20.85533155658881,]
Targets2_x = [9.07588021497834,9.414814765560237,9.744609453380239,9.876641282617827,10.495847940497068,10.842486659515869,11.068495543063817,10.8422505347502,11.131878886026502,]
Targets2_y = [
21.436393594016025,20.95437242748662,21.52262699279227,20.84567566705086,21.254530666478548,21.22238319842304,21.332227277863993,20.64653594588046,20.560158159989903,]
center1_x = [8.354342344890089,11.127551660594092]
center1_y = [21.020603321293827,21.828751769301736]
image_corners1_x = [10.19274064938976,5.866390062479494,6.515944040390418,10.842294627300685,]
image_corners1_y = [22.820046886367848,21.674666705318252,19.221159756219805,20.3665399372694,]
image_corners2_x = [13.554278562039968,9.14930225039433,8.700824759148215,13.105801070793854,]
image_corners2_y = [22.682392218010946,23.47320752757493,20.975111320592525,20.18429601102854,]