
Targets1_x = [10.543028343276793,10.277349620670677,10.007817446908497,10.332293254629818,9.683936411430066,9.603465709003927,9.011392634866173,9.689439952233162,9.00043250815268,8.539807910209733,9.206799055364252,8.207255246002207,8.40893784272239,8.636355962442957,8.174171865840151,8.404837755450274,]
Targets1_y = [21.232480999533884,21.227780685507067,21.35333384867747,21.780548748378756,21.105683746759613,21.360054206525394,20.770102676219533,21.894782739685205,21.191652535477036,20.815908681776524,21.701369090449187,20.898522746081795,21.227591913307336,21.624735475643686,21.139184035988443,21.524060063579302,]
Targets2_x = [9.086433158680235,9.762282672953253,9.479348953645918,10.342548373805249,9.452444800894996,10.194025071838166,10.230188149367937,10.643205958200681,11.071508603190622,11.386090088682502,10.941406756701127,]
Targets2_y = [
21.987209738737306,22.071231311086706,21.526617544485486,22.266480474901062,21.079439376261057,21.70529703777802,21.42846533054517,21.69571848967045,22.139874189618688,22.18096859590252,21.568299194744444,]
center1_x = [8.354342344890089,11.329523130921036]
center1_y = [21.020603321293827,21.40569979028865]
image_corners1_x = [10.19274064938976,5.866390062479494,6.515944040390418,10.842294627300685,]
image_corners1_y = [22.820046886367848,21.674666705318252,19.221159756219805,20.3665399372694,]
image_corners2_x = [13.383993583455103,8.94629742811632,9.275052678386968,13.712748833725751,]
image_corners2_y = [22.953878277911453,22.37417318660088,19.857521302665848,20.437226393976417,]