
Targets1_x = [14.95232789080513,15.51817788309675,15.323891051978661,15.243792438495042,15.925123317266213,16.62554639315576,17.127663604570927,]
Targets1_y = [22.85479027365438,22.47183849524208,22.062714635010938,21.694008869367348,22.294331072227845,22.189049528016167,21.968445765488223,]
Targets2_x = [15.456658931525272,15.737062898333473,]
Targets2_y = [
19.873069733255296,20.832610704714387,]
center1_x = [17.279884702982926,14.083322046367961]
center1_y = [22.175892728278296,21.315505798463]
image_corners1_x = [19.33557947009183,14.897426026621854,15.224189935874021,19.662343379343998,]
image_corners1_y = [23.722445182724844,23.146251489410183,20.629340273831748,21.20553396714641,]
image_corners2_x = [16.510638084004675,12.106209137613428,11.656006008731248,16.060434955122492,]
image_corners2_y = [22.167469602450694,22.961327786379606,20.463541994475307,19.669683810546395,]