
Targets1_x = [9.086433158680235,9.762282672953253,10.342548373805249,9.479348953645918,10.194025071838166,11.071508603190622,9.452444800894996,10.643205958200681,10.230188149367937,10.941406756701127,11.256725151140508,]
Targets1_y = [21.987209738737306,22.071231311086706,22.266480474901062,21.526617544485486,21.70529703777802,22.139874189618688,21.079439376261057,21.69571848967045,21.42846533054517,21.568299194744444,21.57109589735213,]
Targets2_x = [9.936035030185044,9.659915164038873,]
Targets2_y = [
20.943019549202205,20.94424867350323,]
center1_x = [11.329523130921036,8.171781274820223]
center1_y = [21.40569979028865,22.34199774014047]
image_corners1_x = [13.383993583455103,8.94629742811632,9.275052678386968,13.712748833725751,]
image_corners1_y = [22.953878277911453,22.37417318660088,19.857521302665848,20.437226393976417,]
image_corners2_x = [10.521338665066068,6.06675976015897,5.8222238845743775,10.276802789481476,]
image_corners2_y = [23.38951172086565,23.820709981479812,21.294483759415293,20.86328549880113,]