
Targets1_x = [9.936035030185044,9.659915164038873,]
Targets1_y = [20.943019549202205,20.94424867350323,]
Targets2_x = [9.07588021497834,9.744609453380239,9.414814765560237,9.876641282617827,10.495847940497068,10.842486659515869,11.068495543063817,]
Targets2_y = [
21.436393594016025,21.52262699279227,20.95437242748662,20.84567566705086,21.254530666478548,21.22238319842304,21.332227277863993,]
center1_x = [8.171781274820223,11.127551660594092]
center1_y = [22.34199774014047,21.828751769301736]
image_corners1_x = [10.521338665066068,6.06675976015897,5.8222238845743775,10.276802789481476,]
image_corners1_y = [23.38951172086565,23.820709981479812,21.294483759415293,20.86328549880113,]
image_corners2_x = [13.554278562039968,9.14930225039433,8.700824759148215,13.105801070793854,]
image_corners2_y = [22.682392218010946,23.47320752757493,20.975111320592525,20.18429601102854,]