
Targets1_x = [10.332293254629818,9.689439952233162,10.277349620670677,10.007817446908497,9.206799055364252,9.603465709003927,9.683936411430066,8.636355962442957,9.00043250815268,8.404837755450274,8.40893784272239,9.011392634866173,8.174171865840151,7.548023412564327,8.539807910209733,8.207255246002207,7.829244712364535,6.998990937302489,7.445456729248669,6.499870009381562,7.400609995596841,6.856143607280175,6.257901311442915,6.198863044723467,]
Targets1_y = [21.780548748378756,21.894782739685205,21.227780685507067,21.35333384867747,21.701369090449187,21.360054206525394,21.105683746759613,21.624735475643686,21.191652535477036,21.524060063579302,21.227591913307336,20.770102676219533,21.139184035988443,21.60352785800581,20.815908681776524,20.898522746081795,20.85533155658881,21.462549981187532,20.933132897832856,21.347913308636155,20.5405663314653,20.514567808813432,20.890032299327043,20.484957016609748,]
Targets2_x = [6.49928269037129,]
Targets2_y = [
21.35219024624447,]
center1_x = [8.354342344890089,8.171781274820223]
center1_y = [21.020603321293827,22.34199774014047]
image_corners1_x = [10.19274064938976,5.866390062479494,6.515944040390418,10.842294627300685,]
image_corners1_y = [22.820046886367848,21.674666705318252,19.221159756219805,20.3665399372694,]
image_corners2_x = [10.521338665066068,6.06675976015897,5.8222238845743775,10.276802789481476,]
image_corners2_y = [23.38951172086565,23.820709981479812,21.294483759415293,20.86328549880113,]