
Targets1_x = [16.475540938518943,16.066496105241633,15.817272620800214,15.478436178193558,16.033261840186825,15.00311768459094,15.02440819530189,15.43324799609046,15.142283945590952,14.688709633690404,14.340990268412204,14.097679042193228,14.642614109605066,14.210315773077589,14.258556041586097,]
Targets1_y = [22.055726639234567,22.260750705511438,22.792490080800604,22.362589499832133,23.14748271727461,21.86461510991175,22.17415201780894,22.83011853726285,22.529765541820137,22.268922573422575,21.876282572514988,22.016609186633076,22.881262583602034,22.38009796140593,22.884787248969896,]
Targets2_x = [14.95232789080513,15.51817788309675,15.903735481639702,15.323891051978661,15.243792438495042,15.925123317266213,16.687966022746636,16.395019168969693,16.62554639315576,17.127663604570927,]
Targets2_y = [
22.85479027365438,22.47183849524208,22.820483395117012,22.062714635010938,21.694008869367348,22.294331072227845,23.18676249123374,22.781892089251787,22.189049528016167,21.968445765488223,]
center1_x = [14.304703916951983,17.279884702982926]
center1_y = [21.79079625928347,22.175892728278296]
image_corners1_x = [16.36922794827202,11.927845319902696,12.240179885631944,16.68156251400127,]
image_corners1_y = [23.32554249041604,22.77479253951347,20.256050028150902,20.806799979053473,]
image_corners2_x = [19.33557947009183,14.897426026621854,15.224189935874021,19.662343379343998,]
image_corners2_y = [23.722445182724844,23.146251489410183,20.629340273831748,21.20553396714641,]