
Targets1_x = [13.46011843429635,13.490329164724011,13.187594029704307,12.872691652673758,13.222848971720278,12.700455356378347,12.098934715302958,12.274136404352461,11.8105775491366,12.355340980710192,11.54156773092571,11.256725151140508,11.556946424743128,11.386090088682502,11.071508603190622,]
Targets1_y = [21.620033754251853,21.943929971834734,21.9427770454784,21.675542911527153,22.587281928141458,22.079642980503692,21.45928359833194,21.750928317001005,21.609318768542092,22.43556366312194,21.67656139345531,21.57109589735213,22.309937809419658,22.18096859590252,22.139874189618688,]
Targets2_x = [12.203144663468647,12.060167282655723,12.613550509719317,13.400621914894177,12.777841681847981,13.246158823361965,13.754606879458297,14.258556041586097,13.717852321669076,13.581069280890187,14.210315773077589,14.642614109605066,14.097679042193228,]
Targets2_y = [
22.6171203077342,21.81083624965313,22.194879782334223,22.791187209178766,21.72933264541405,22.043153252086608,22.61769758925775,22.884787248969896,22.05475820070487,21.67975027190352,22.38009796140593,22.881262583602034,22.016609186633076,]
center1_x = [11.329523130921036,14.304703916951983]
center1_y = [21.40569979028865,21.79079625928347]
image_corners1_x = [13.383993583455103,8.94629742811632,9.275052678386968,13.712748833725751,]
image_corners1_y = [22.953878277911453,22.37417318660088,19.857521302665848,20.437226393976417,]
image_corners2_x = [16.36922794827202,11.927845319902696,12.240179885631944,16.68156251400127,]
image_corners2_y = [23.32554249041604,22.77479253951347,20.256050028150902,20.806799979053473,]