
Targets1_x = [15.456658931525272,14.86338764760197,15.378124086612312,15.737062898333473,14.32515193968697,14.96325490311436,14.562953154553602,13.997972085264477,14.142253772337297,]
Targets1_y = [19.873069733255296,20.13473732444196,20.51046653429833,20.832610704714387,20.03403137805387,20.641119758366226,20.39950058651324,20.22194910569259,20.87936030925841,]
Targets2_x = [15.370124140800558,14.903176702643114,]
Targets2_y = [
20.769932001956292,20.409917327709042,]
center1_x = [14.083322046367961,17.03909243214183]
center1_y = [21.315505798463,20.802259827624265]
image_corners1_x = [16.510638084004675,12.106209137613428,11.656006008731248,16.060434955122492,]
image_corners1_y = [22.167469602450694,22.961327786379606,20.463541994475307,19.669683810546395,]
image_corners2_x = [19.45405401993361,15.038786605487653,14.624130844350043,19.039398258796002,]
image_corners2_y = [21.688637850458623,22.419814175931283,19.915881804789908,19.18470547931725,]