
Targets1_x = [12.777841681847981,12.613550509719317,13.246158823361965,13.581069280890187,13.400621914894177,13.717852321669076,13.754606879458297,14.097679042193228,14.340990268412204,14.210315773077589,14.258556041586097,14.688709633690404,15.00311768459094,14.642614109605066,15.02440819530189,15.142283945590952,15.478436178193558,15.43324799609046,15.817272620800214,16.066496105241633,16.033261840186825,16.475540938518943,]
Targets1_y = [21.72933264541405,22.194879782334223,22.043153252086608,21.67975027190352,22.791187209178766,22.05475820070487,22.61769758925775,22.016609186633076,21.876282572514988,22.38009796140593,22.884787248969896,22.268922573422575,21.86461510991175,22.881262583602034,22.17415201780894,22.529765541820137,22.362589499832133,22.83011853726285,22.792490080800604,22.260750705511438,23.14748271727461,22.055726639234567,]
Targets2_x = [15.737062898333473,15.378124086612312,15.456658931525272,14.96325490311436,14.86338764760197,14.562953154553602,14.142253772337297,14.32515193968697,13.746359738373295,13.997972085264477,13.529590090936388,13.131422953246085,12.818910814817349,12.912813573743923,11.842711973714392,]
Targets2_y = [
20.832610704714387,20.51046653429833,19.873069733255296,20.641119758366226,20.13473732444196,20.39950058651324,20.87936030925841,20.03403137805387,20.97220769147876,20.22194910569259,20.46110654043515,20.803660273235753,21.049109330804104,20.25850497308528,20.59322222980004,]
center1_x = [14.304703916951983,14.083322046367961]
center1_y = [21.79079625928347,21.315505798463]
image_corners1_x = [16.36922794827202,11.927845319902696,12.240179885631944,16.68156251400127,]
image_corners1_y = [23.32554249041604,22.77479253951347,20.256050028150902,20.806799979053473,]
image_corners2_x = [16.510638084004675,12.106209137613428,11.656006008731248,16.060434955122492,]
image_corners2_y = [22.167469602450694,22.961327786379606,20.463541994475307,19.669683810546395,]