Targets2_x = [10.11131603599064,10.580234362811165,11.557264086889356,11.853545882552114,9.71844965429828,12.387085877498023,13.025141583666901,]
Targets2_y = [
21.66558094436242,21.6142583377099,21.534709239794793,21.484552445929463,22.10020358540579,21.534945657903105,21.419468222274418,]
center1_x = [11.329523130921036,11.127551660594092]
center1_y = [21.40569979028865,21.828751769301736]
image_corners1_x = [13.383993583455103,8.94629742811632,9.275052678386968,13.712748833725751,]
image_corners1_y = [22.953878277911453,22.37417318660088,19.857521302665848,20.437226393976417,]
image_corners2_x = [14.000244902651115,9.531734502917448,9.390959250396055,13.859469650129721,]
image_corners2_y = [23.8788799702315,24.127113665510894,21.592986784754558,21.344753089475166,]