Targets2_x = [14.434684960691948,14.989031544179912,15.348200370616455,14.815146243468464,14.749546030998934,15.384724672206325,16.089189874083512,15.820552755713207,16.05968695408997,16.547968468839684,]
Targets2_y = [
22.83065132356936,22.48059161535502,22.826701489265925,22.082298585490467,21.726244498707008,22.3227327347863,23.201856216087688,22.804640170796556,22.243074952130065,22.046779690747705,]
center1_x = [14.304703916951983,17.279884702982926]
center1_y = [21.79079625928347,22.175892728278296]
image_corners1_x = [16.36922794827202,11.927845319902696,12.240179885631944,16.68156251400127,]
image_corners1_y = [23.32554249041604,22.77479253951347,20.256050028150902,20.806799979053473,]
image_corners2_x = [18.693259682472238,14.275612387439125,14.682034237765421,19.099681532798535,]
image_corners2_y = [23.86133888958972,23.144681693514343,20.639399673646796,21.356056869722174,]