Targets2_x = [9.133934661061295,9.780939077149265,9.584043481377273,10.31856546112213,9.6227252110239,10.255175346035388,10.330639309794702,10.69468335073508,11.047952294998169,11.348819231037462,11.004038596671068,]
Targets2_y = [
21.33001197916813,21.510086755858055,20.937809565948097,21.78477227340095,20.49773954683442,21.21584780541253,20.951084901697957,21.27171916503821,21.76711789392591,21.85287239819786,21.190732322057094,]
center1_x = [8.354342344890089,11.329523130921036]
center1_y = [21.020603321293827,21.40569979028865]
image_corners1_x = [10.19274064938976,5.866390062479494,6.515944040390418,10.842294627300685,]
image_corners1_y = [22.820046886367848,21.674666705318252,19.221159756219805,20.3665399372694,]
image_corners2_x = [13.210348420092606,8.90636101331811,9.602056285595568,13.906043692370066,]
image_corners2_y = [22.922269836146473,21.695527172697226,19.25470255637899,20.481445219828235,]