Targets2_x = [9.048151336403672,9.422819042841516,9.70169553412433,9.888057560696618,10.466024931979565,10.811140615753645,11.025350955155288,10.858477121689067,11.1517495666053,]
Targets2_y = [
21.7358060506555,21.287594405634312,21.87624252785167,21.21835869117775,21.673436630036505,21.670311943806073,21.7975020854795,21.101386948235284,21.039976151808858,]
center1_x = [8.354342344890089,11.127551660594092]
center1_y = [21.020603321293827,21.828751769301736]
image_corners1_x = [10.19274064938976,5.866390062479494,6.515944040390418,10.842294627300685,]
image_corners1_y = [22.820046886367848,21.674666705318252,19.221159756219805,20.3665399372694,]
image_corners2_x = [13.389835717516183,8.934283127533007,8.695520474767525,13.151073064750701,]
image_corners2_y = [23.3457996982324,23.76681784260887,21.240039436191186,20.819021291814718,]