Targets2_x = [11.253013923006066,11.311670583444165,11.754197231883326,12.371344141231296,12.027375349241959,12.404614030004652,12.756968634451619,13.180184882179569,12.859067371727228,12.818211383119186,13.256896847790435,13.55337998676746,13.23663165448291,]
Targets2_y = [
21.79143118105929,20.974781577320886,21.48249335439898,22.253163748338018,21.071355594259607,21.4901757219348,22.171578266376244,22.553812030241847,21.61683293353314,21.219808098595184,22.052728274733933,22.644360274328754,21.672778653321565,]
center1_x = [11.329523130921036,14.304703916951983]
center1_y = [21.40569979028865,21.79079625928347]
image_corners1_x = [13.383993583455103,8.94629742811632,9.275052678386968,13.712748833725751,]
image_corners1_y = [22.953878277911453,22.37417318660088,19.857521302665848,20.437226393976417,]
image_corners2_x = [15.118798212106867,10.94720231953725,11.866370601582902,16.03796649415252,]
image_corners2_y = [23.497783626686495,21.876983556012668,19.511239193496813,21.132039264170643,]