Targets2_x = [11.139015269910097,12.077730053105421,12.413540744807975,13.01556398813109,12.24328396375747,12.844082554943078,13.421304081320246,13.335775418805044,]
Targets2_y = [
20.576038871090724,21.12166160342074,20.903484029586718,21.12811737447172,20.336585470906996,20.595565543664343,21.070628983552968,20.397760360801517,]
center1_x = [11.127551660594092,14.083322046367961]
center1_y = [21.828751769301736,21.315505798463]
image_corners1_x = [13.554278562039968,9.14930225039433,8.700824759148215,13.105801070793854,]
image_corners1_y = [22.682392218010946,23.47320752757493,20.975111320592525,20.18429601102854,]
image_corners2_x = [15.664151453183083,11.206351201519565,10.981485951387743,15.439286203051255,]
image_corners2_y = [22.568852145658106,22.965364536723886,20.43731146394684,20.04079907288106,]