Targets_x = [18.757460191299444,18.757460191299444,18.710929567480918,18.448666051412864,18.35983486048659,18.254083442717214,18.190632592055586,18.05950083402156,18.063730890732334,17.97489969980606,17.96643958638451,17.957979472962958,17.721096297159555,17.71686624044878,17.64918533307638,17.64918533307638,17.53074374517468,17.399611987140652,17.395381930429878,17.3234709663467,17.21348949186655,17.205029378445,17.099277960675625,17.048517280146324,17.001986656327798,16.9004652952692,16.807404047632147,16.739723140259745,];
Targets_y = [
17.336515919418602,16.21978094777399,16.95581081544885,17.85258283813316,17.302675465732403,16.139409870269265,16.9304304751842,18.732434633974368,17.873733121687035,16.63855656214072,17.40842688350178,15.750244652877962,18.38133992698004,16.909280191630323,18.131766581044314,15.801005333407263,16.51165486081747,17.598779435486655,17.171543707698376,16.139409870269265,17.294215352310854,16.659706845694597,18.09792612735811,16.384753159494217,17.65800022943751,15.970207601838267,17.243454671781553,16.63855656214072,];
center_x = [17.894528622301333];
center_y = [17.85258283813316];
image_corners_x = [16.62551160906882,16.62551160906882,19.163545635533847,19.163545635533847,16.62551160906882];
image_corners_y = [20.09028283813316,15.61488283813316,15.61488283813316,20.09028283813316,20.09028283813316];
