Targets_x = [17.988841866622078,17.988841866622078,17.94231124280355,17.6800477267355,17.591216535809224,17.485465118039848,17.42201426737822,17.290882509344193,17.295112566054968,17.206281375128693,17.197821261707144,17.18936114828559,16.95247797248219,16.948247915771415,16.880567008399016,16.880567008399016,16.762125420497313,16.630993662463286,16.62676360575251,16.554852641669335,16.444871167189184,16.436411053767635,16.33065963599826,16.27989895546896,16.233368331650432,16.131846970591834,16.03878572295478,15.97110481558238,];
Targets_y = [
17.578959173505964,16.462224201861353,17.198254069536212,18.09502609222052,17.545118719819765,16.381853124356628,17.17287372927156,18.97487788806173,18.116176375774398,16.880999816228083,17.65087013758914,15.992687906965324,18.623783181067402,17.151723445717685,18.374209835131676,16.043448587494623,16.75409811490483,17.841222689574018,17.41398696178574,16.381853124356628,17.536658606398216,16.90215009978196,18.340369381445473,16.62719641358158,17.90044348352487,16.212650855925627,17.485897925868915,16.880999816228083,];
center_x = [17.125910297623967];
center_y = [18.09502609222052];
image_corners_x = [15.856893284391456,15.856893284391456,18.39492731085648,18.39492731085648,15.856893284391456];
image_corners_y = [20.332726092220522,15.857326092220523,15.857326092220523,20.332726092220522,20.332726092220522];
