Targets_x = [15.941740405447142,15.434133600154135,15.277621501855458,14.710793902611602,14.43161015970045,13.890162900721243,];
Targets_y = [
16.200134297343165,16.661210478817647,16.263585148004793,16.13668344668154,15.743288172579462,16.030932028912165,];
center_x = [14.693873675768502];
center_y = [17.71872465651141];
image_corners_x = [13.424856662535989,13.424856662535989,15.962890689001016,15.962890689001016,13.424856662535989];
image_corners_y = [19.95642465651141,15.481024656511408,15.481024656511408,19.95642465651141,19.95642465651141];
