Targets_x = [17.682564868564974,17.682564868564974,17.636034244746448,17.373770728678394,17.28493953775212,17.179188119982744,17.115737269321116,16.98460551128709,16.988835567997864,16.90000437707159,16.89154426365004,16.883084150228488,16.646200974425085,16.64197091771431,16.57429001034191,16.57429001034191,16.45584842244021,16.324716664406182,16.320486607695408,16.24857564361223,16.13859416913208,16.13013405571053,16.024382637941155,15.973621957411854,15.927091333593328,15.82556997253473,15.732508724897677,15.664827817525275,];
Targets_y = [
18.232164450973716,17.115429479329105,17.851459347003964,18.748231369688273,18.198323997287517,17.03505840182438,17.826079006739313,19.628083165529482,18.76938165324215,17.534205093695835,18.304075415056893,16.645893184433074,19.276988458535154,17.804928723185437,19.027415112599428,16.696653864962375,17.407303392372583,18.49442796704177,18.06719223925349,17.03505840182438,18.189863883865968,17.55535537724971,18.993574658913225,17.28040169104933,18.553648760992623,16.86585613339338,18.139103203336667,17.534205093695835,];
center_x = [16.819633299566863];
center_y = [18.748231369688273];
image_corners_x = [15.55061628633435,15.55061628633435,18.088650312799377,18.088650312799377,15.55061628633435];
image_corners_y = [20.985931369688274,16.510531369688273,16.510531369688273,20.985931369688274,20.985931369688274];
