Targets_x = [18.411539563470665,18.34808871280904,18.33962859938749,18.183116501088815,18.07313502660866,17.984303835682386,17.90393275817766,17.908162814888435,17.88701253133456,17.84471196422681,17.74319060316821,17.738960546457434,17.738960546457434,17.70512009277123,17.641669242109607,17.59513861829108,17.497847313943257,17.502077370654032,17.421706293149306,17.40055600959543,17.32441498880148,17.320184932090704,17.248273968007528,17.231353741164426,17.134062436816603,17.087531812998076,17.14252255023815,17.062151472733426,17.019850905625674,16.914099487856298,16.918329544567076,16.8464185804839,16.829498353640798,16.778737673111497,16.770277559689948,16.740667162714523,16.67298625534212,16.62222557481282,16.42764296611717,16.398032569141744,16.31766149163702,16.326121605058567,16.27959098124004,16.152689279916792,16.046937862147413,16.04270780543664,15.941186444378042,];
Targets_y = [
17.754526849743666,17.483803220254064,16.959276188117958,18.15215218055652,17.74183667961134,16.345917965055573,17.462652936700188,16.904285450877882,15.867921556737995,18.16907240739962,16.269776944261626,17.830667870537617,15.554897360140641,17.259610214582985,16.64202193480983,15.96521286108582,17.462652936700188,16.261316830840073,15.466066169214365,16.684322501917578,17.183469193789033,16.04981399530132,17.97871985541474,17.661465602106613,16.50666012006503,17.75875690645444,16.916975621010206,17.293450668269184,18.338274675830622,17.09463800286276,16.430519099271077,15.851001329894896,16.066734222144422,16.81122420324083,14.98383970418601,17.74183667961134,17.301910781690736,15.224952936700188,18.021020422522493,16.46858960966805,17.323061065244612,15.639498494356141,17.788367303429865,16.984656528382608,17.251150101161436,15.969442917796595,16.739313239157656,];
center_x = [17.167902890502802];
center_y = [16.121724959384498];
image_corners_x = [15.89888587727029,15.89888587727029,18.436919903735316,18.436919903735316,15.89888587727029];
image_corners_y = [18.359424959384498,13.884024959384497,13.884024959384497,18.359424959384498,18.359424959384498];
