Targets_x = [16.64050614777743,16.495802369612782,16.36064979341078,16.48906883024664,16.131193461300455,16.205590113844284,16.014668787500096,16.175226825287858,16.036006732071822,15.880724475016166,15.926741455615542,16.00382614042047,16.049001738398985,15.731667001739893,15.717380550295742,15.533681938113986,15.422058827312185,15.445502682194958,15.269853493523833,15.200243446915817,14.762979344392004,];
Targets_y = [
14.769052257950493,15.564649128552952,16.199286826207306,15.213517064727755,17.512673859384517,16.94646729116542,18.013237614219538,16.67319526503904,17.183417842263122,17.71703291791567,16.771062689892442,15.970341678802264,15.583714849296587,17.0685319138865,16.46437979848765,17.38695019144608,17.606329463615825,16.54618505950143,17.072699714690618,17.327811003302656,17.493405141942187,];
center_x = [15.2047292015];
center_y = [16.0045205603];
image_corners_x = [13.639843475972986,14.255728499127333,16.769614926989757,16.15372990383541,13.639843475972986];
image_corners_y = [18.046293842554874,13.613474108090799,13.962747278121618,18.395567012585694,18.046293842554874];
