Targets_x = [19.330137697567306,19.225275947399062,19.188024233968687,19.22212507128862,18.965607893471418,19.159753062321666,18.944777956113768,18.893205196371632,18.916950403627737,18.742792601672654,18.796140712182762,18.85842469661672,18.631155264487525,18.552968006636338,18.678527001769737,18.736032341004275,18.565173433900636,18.551607370580363,18.5554541095983,18.365125901192986,18.342239464871874,18.43921592452775,18.427292082520953,18.30753253742546,18.191826870172896,18.278802420268942,18.05196215507624,18.0606168808046,18.071742383146415,18.052658017983735,17.90943485088963,17.979189848185964,17.92156626878343,17.790459630296624,17.860007488767963,18.026679825636172,17.71342630673842,17.78998666962464,17.8518414871221,17.826780311669523,17.788344885373167,17.677861482481017,17.8164246816057,17.565055321716407,17.662579188476776,17.532981641848945,17.452426958265796,17.649797449658994,17.544359387937263,17.273727865571292,17.230587803446017,17.27001469306986,17.325951820361425,17.36039292596085,17.385661677300426,17.238133262740895,17.320966473399007,17.17289065173499,17.101730350523177,17.04410720818265,17.019460310380065,16.913045237555348,17.008054096904758,16.780622193810068,16.848808979163426,];
Targets_y = [
16.764328038568877,17.90593776081473,17.631327681162336,17.10360354354969,18.283900061714387,16.08854340564071,17.43770101496758,17.86640752030939,16.46786677965835,17.574177499493793,17.01829999334012,15.983593193877471,18.27388426286806,17.928069651206357,16.372236940895952,15.659673992271404,17.35614041583245,16.73544946560936,16.056750436906743,18.099637999317977,17.541852012941835,16.34019260253949,15.541394197523887,16.762434010570903,17.249621992126233,16.11930024318769,18.03617073908004,17.718583505329867,17.00227760563088,16.55513749311238,17.803990406420933,16.93963890069293,17.338150427816746,18.384278330041198,17.575079627102276,15.352043000221562,18.07675112593486,17.128072644038273,16.466786417673866,15.883362070167648,16.09669451800007,16.834688688929692,15.012545467129256,17.759223012268684,16.498194450268834,17.315278443720132,17.94534888702806,15.236751610618995,14.544989257841097,17.58293513904164,18.012322180942437,17.103085040894186,16.46254029029243,15.930599803871356,15.249385767757781,16.86710263707665,15.63035136308889,17.30743738400526,17.768513606696526,16.95753955298963,16.263809599905265,17.214322552653822,15.931871978332332,17.487970947551734,16.69563763984652,];
center_x = [18.1170129536];
center_y = [16.1783882466];
image_corners_x = [16.672106391224386,17.032110230929362,19.561919515986926,19.20191567628195,16.672106391224386];
image_corners_y = [18.3067562824005,13.845859243082321,14.050020210778905,18.51091725009708,18.3067562824005];
