Targets_x = [16.903361375077335,16.963501385560214,17.026307823901092,17.124955417606216,17.22467877594803,17.27257022405327,17.321501387770354,17.364996054825014,17.4330193895317,17.44079907280907,17.547780603548567,17.622822085882767,17.62659702125476,17.754656725497895,17.873278491320765,17.871372399132063,17.87808533002896,17.940355539125257,17.947247515165813,17.986093057995983,18.182703313934166,18.18939702033807,18.19868175040274,18.28104779707564,18.286192595391757,18.41832463946186,18.478392551895052,18.58290021830453,18.646977384771205,18.666920013992215,18.930138680411897,18.976263726299713,18.981683398430278,19.142957185352046,];
Targets_y = [
18.82600048003811,17.963132486455763,18.56809784480256,17.294955138238578,18.982854955268778,17.70542812085686,19.42288424452445,18.30196491347907,17.980552883918154,18.619300097084906,17.464607923475775,18.496822285584138,18.924062277089494,17.837073503091545,17.667997502251875,19.45731047566352,17.126555056614755,18.234896877930783,19.706964790298702,18.97943600401713,17.076118846110372,18.734309148147585,17.960218221551955,20.05841528220431,19.19971876326726,18.26078639627072,17.465599271659027,18.633206914605434,18.045296957344473,19.17897404324344,18.282481909324837,18.663236364693923,17.54650653280625,17.0475313570157,];
center_x = [18.117012953605656];
center_y = [19.1783882465897];
image_corners_x = [16.845612918638007,16.850380402173812,19.388412988573307,19.3836455050375,16.845612918638007];
image_corners_y = [21.41473513850022,16.93933767781578,16.942041354679183,21.417438815363624,21.41473513850022];
