Targets_x = [18.795221811613732,18.628528352561396,18.633948024691964,18.582403306673584,18.32341018843646,18.29924201103289,18.235164844566217,18.13065717815674,18.070589265723548,17.933312423337327,17.938457221653444,17.850946376664428,17.841661646599757,17.83496794019585,17.63835768425767,17.5995121414275,17.592620165386943,17.52363702539375,17.52554311758245,17.530349956290646,17.406921351759582,17.278861647516447,17.275086712144454,17.25921191662231,17.145099585052655,17.093063699070758,17.085284015793388,17.0172606810867,16.973766014032037,16.924834850314955,16.876943402209715,16.777220043867903,16.67857245016278,16.6157660118219,16.55562600133902,];
Targets_y = [
16.66424004201835,18.279945049696572,17.1632152178089,17.899190594327486,18.79991728868486,17.662005642347122,18.249915599608084,17.082307956661676,17.87749508127337,19.67512396720696,18.81642744826991,17.576926906554604,18.351017833150234,16.69282753111302,18.59614468901978,19.32367347530135,17.851605562933432,19.074019160666168,17.284706187254525,16.743263741617405,17.453782188094195,18.540770962092143,18.113530970586787,17.132140345999897,17.038957485706394,18.236008782087556,17.597261568920803,17.918673598481718,19.0395929295271,17.322136805859508,18.599563640271427,16.911663823241227,18.184806529805208,17.579841171458412,18.44270916504076,];
center_x = [17.7692775799];
center_y = [18.7950969316];
image_corners_x = [16.497877544899694,16.5026450284355,19.04067761483499,19.035910131299183,16.497877544899694];
image_corners_y = [21.03144382350287,16.556046362818428,16.558750039681833,21.034147500366274,21.03144382350287];
