Targets_x = [15.66597678183448,15.49014771060508,15.313244653734724,15.156682441515978,14.993760150386194,14.555512902059688,14.430467199026825,14.14487515132626,13.609262104337583,];
Targets_y = [
17.104408840587343,17.435333880733268,16.810257349022404,17.56408767405375,17.171590273889166,16.712938488211975,17.047811892853336,16.655995091539015,16.946615074325084,];
center_x = [14.4223246109];
center_y = [18.6299226292];
image_corners_x = [13.165742190898067,13.140912067326566,15.67890703085997,15.70373715443147,13.165742190898067];
image_corners_y = [20.87462886643589,16.39929774740532,16.38521639188273,20.8605475109133,20.87462886643589];
