
Targets1_x = [16.014668787500096,16.134801150063506,15.880724475016166,16.036006732071822,16.205590113844284,16.17941663600096,15.926741455615542,16.364839604123887,16.00382614042047,]
Targets1_y = [18.013237614219538,17.51744579204767,17.71703291791567,17.183417842263122,16.94646729116542,16.673777386989094,16.771062689892442,16.19986894815736,15.970341678802264,]
Targets2_x = [16.973766014032037,16.55562600133902,16.876943402209715,17.5995121414275,17.933312423337327,]
Targets2_y = [
19.0395929295271,18.44270916504076,18.599563640271427,19.32367347530135,19.67512396720696,]
center1_x = [15.2047292015,17.7692775799]
center1_y = [16.0045205603,18.7950969316]
image_corners1_x = [13.639843475972986,14.255728499127333,16.769614926989757,16.15372990383541,]
image_corners1_y = [18.046293842554874,13.613474108090799,13.962747278121618,18.395567012585694,]
image_corners2_x = [16.497877544899694,16.5026450284355,19.04067761483499,19.035910131299183,]
image_corners2_y = [21.03144382350287,16.556046362818428,16.558750039681833,21.034147500366274,]