
Targets1_x = [16.495802369612782,16.364839604123887,16.205590113844284,16.17941663600096,16.134801150063506,16.014668787500096,16.036006732071822,16.049001738398985,16.00382614042047,15.926741455615542,15.880724475016166,15.731667001739893,15.717380550295742,]
Targets1_y = [15.564649128552952,16.19986894815736,16.94646729116542,16.673777386989094,17.51744579204767,18.013237614219538,17.183417842263122,15.583714849296587,15.970341678802264,16.771062689892442,17.71703291791567,17.0685319138865,16.46437979848765,]
Targets2_x = [16.903361375077335,16.963501385560214,17.026307823901092,17.124955417606216,17.27257022405327,17.22467877594803,17.364996054825014,17.321501387770354,17.4330193895317,17.44079907280907,17.547780603548567,]
Targets2_y = [
18.82600048003811,17.963132486455763,18.56809784480256,17.294955138238578,17.70542812085686,18.982854955268778,18.30196491347907,19.42288424452445,17.980552883918154,18.619300097084906,17.464607923475775,]
center1_x = [15.20472920148137,18.117012953605656]
center1_y = [16.004520560338246,19.1783882465897]
image_corners1_x = [13.639843475972986,14.255728499127333,16.769614926989757,16.15372990383541,]
image_corners1_y = [18.046293842554874,13.613474108090799,13.962747278121618,18.395567012585694,]
image_corners2_x = [16.845612918638007,16.850380402173812,19.388412988573307,19.3836455050375,]
image_corners2_y = [21.41473513850022,16.93933767781578,16.942041354679183,21.417438815363624,]