
Targets1_x = [18.28104779707564,18.666920013992215,17.947247515165813,18.976263726299713,18.286192595391757,17.871372399132063,18.58290021830453,18.930138680411897,17.986093057995983,18.18939702033807,17.321501387770354,18.646977384771205,18.41832463946186,17.62659702125476,17.22467877594803,17.940355539125257,17.622822085882767,17.44079907280907,16.903361375077335,17.364996054825014,17.026307823901092,]
Targets1_y = [20.05841528220431,19.17897404324344,19.706964790298702,18.663236364693923,19.19971876326726,19.45731047566352,18.633206914605434,18.282481909324837,18.97943600401713,18.734309148147585,19.42288424452445,18.045296957344473,18.26078639627072,18.924062277089494,18.982854955268778,18.234896877930783,18.496822285584138,18.619300097084906,18.82600048003811,18.30196491347907,18.56809784480256,]
Targets2_x = [18.065166029165933,]
Targets2_y = [
19.953725167438254,]
center1_x = [18.117012953605656,18.117012953605656]
center1_y = [19.1783882465897,22.1783882465897]
image_corners1_x = [16.845612918638007,16.850380402173812,19.388412988573307,19.3836455050375,]
image_corners1_y = [21.41473513850022,16.93933767781578,16.942041354679183,21.417438815363624,]
image_corners2_x = [16.866147785770607,16.82992721800243,19.367878121440707,19.40409868920888,]
image_corners2_y = [24.426285442141705,19.951032015745547,19.9304910510377,24.405744477433856,]