
Targets1_x = [14.762979344392004,15.422058827312185,15.880724475016166,15.200243446915817,15.533681938113986,15.269853493523833,15.731667001739893,15.926741455615542,15.445502682194958,15.717380550295742,]
Targets1_y = [17.493405141942187,17.606329463615825,17.71703291791567,17.327811003302656,17.38695019144608,17.072699714690618,17.0685319138865,16.771062689892442,16.54618505950143,16.46437979848765,]
Targets2_x = [15.313244653734724,14.555512902059688,15.66597678183448,14.14487515132626,14.993760150386194,14.430467199026825,15.49014771060508,13.609262104337583,]
Targets2_y = [
16.810257349022404,16.712938488211975,17.104408840587343,16.655995091539015,17.171590273889166,17.047811892853336,17.435333880733268,16.946615074325084,]
center1_x = [15.2047292015,14.4223246109]
center1_y = [16.0045205603,18.6299226292]
image_corners1_x = [13.639843475972986,14.255728499127333,16.769614926989757,16.15372990383541,]
image_corners1_y = [18.046293842554874,13.613474108090799,13.962747278121618,18.395567012585694,]
image_corners2_x = [13.165742190898067,13.140912067326566,15.67890703085997,15.70373715443147,]
image_corners2_y = [20.87462886643589,16.39929774740532,16.38521639188273,20.8605475109133,]