
Targets1_x = [16.44415138083094,16.095649244337075,16.272552301207433,15.776164740988547,15.33791749266204,15.93908703211833,15.212871789629178,]
Targets1_y = [17.47903024069215,17.18485528020134,17.809931811912204,17.546188205068102,17.08753641939091,17.938685605232685,17.422409824032272,]
Targets2_x = [17.321501387770354,16.903361375077335,17.22467877594803,17.947247515165813,18.28104779707564,17.026307823901092,17.871372399132063,17.62659702125476,17.44079907280907,16.963501385560214,17.364996054825014,17.986093057995983,17.622822085882767,18.286192595391757,17.4330193895317,17.27257022405327,18.18939702033807,18.666920013992215,17.940355539125257,17.124955417606216,17.754656725497895,18.58290021830453,17.547780603548567,17.873278491320765,18.41832463946186,]
Targets2_y = [
19.42288424452445,18.82600048003811,18.982854955268778,19.706964790298702,20.05841528220431,18.56809784480256,19.45731047566352,18.924062277089494,18.619300097084906,17.963132486455763,18.30196491347907,18.97943600401713,18.496822285584138,19.19971876326726,17.980552883918154,17.70542812085686,18.734309148147585,19.17897404324344,18.234896877930783,17.294955138238578,17.837073503091545,18.633206914605434,17.464607923475775,17.667997502251875,18.26078639627072,]
center1_x = [15.20472920148137,18.117012953605656]
center1_y = [19.004520560338246,19.1783882465897]
image_corners1_x = [13.94814678150042,13.923316657928918,16.461311621462322,16.486141745033823,]
image_corners1_y = [21.249226797614828,16.773895678584257,16.759814323061665,21.235145442092236,]
image_corners2_x = [16.845612918638007,16.850380402173812,19.388412988573307,19.3836455050375,]
image_corners2_y = [21.41473513850022,16.93933767781578,16.942041354679183,21.417438815363624,]