
Targets1_x = [16.632126526351218,16.495802369612782,16.48906883024664,16.364839604123887,16.205590113844284,16.134801150063506,16.17941663600096,16.014668787500096,16.036006732071822,16.049001738398985,16.00382614042047,15.880724475016166,15.926741455615542,]
Targets1_y = [14.76788801405039,15.564649128552952,15.213517064727755,16.19986894815736,16.94646729116542,17.51744579204767,16.673777386989094,18.013237614219538,17.183417842263122,15.583714849296587,15.970341678802264,17.71703291791567,16.771062689892442,]
Targets2_x = [18.57100266251154,17.425176591457262,18.226830272163312,17.703322483359095,19.241890410072287,17.04653375399861,17.892732800745417,17.46402629540361,18.862567036054653,19.34684062183553,18.312133822372886,17.756256316219208,]
Targets2_y = [
16.49511758352889,16.38991556508115,16.395197386587565,16.36143681754713,16.332825377620612,16.138680208770364,16.117850271412713,16.06627751167058,16.090022718926683,16.03149701191567,15.969213027481711,15.915864916971604,]
center1_x = [15.2047292015,18.1170129536]
center1_y = [16.0045205603,16.1783882466]
image_corners1_x = [13.639843475972986,14.255728499127333,16.769614926989757,16.15372990383541,]
image_corners1_y = [18.046293842554874,13.613474108090799,13.962747278121618,18.395567012585694,]
image_corners2_x = [16.672106391224386,17.032110230929362,19.561919515986926,19.20191567628195,]
image_corners2_y = [18.3067562824005,13.845859243082321,14.050020210778905,18.51091725009708,]