
Targets1_x = [16.848808979163426,16.780622193810068,17.008054096904758,17.019460310380065,16.913045237555348,17.04410720818265,17.320966473399007,17.101730350523177,17.17289065173499,17.36039292596085,17.238133262740895,17.325951820361425,17.27001469306986,17.273727865571292,17.230587803446017,17.532981641848945,17.452426958265796,17.662579188476776,17.677861482481017,17.565055321716407,17.788344885373167,17.826780311669523,17.8518414871221,17.78998666962464,17.71342630673842,17.860007488767963,17.92156626878343,17.791140166855612,18.052658017983735,17.90943485088963,18.023187807122227,18.0606168808046,18.278802420268942,18.05196215507624,18.191826870172896,18.30753253742546,18.44343227333618,18.342239464871874,18.55967045840673,18.365125901192986,18.551607370580363,18.736032341004275,18.678527001769737,18.565173433900636,18.552968006636338,18.85842469661672,18.796140712182762,18.631155264487525,18.742792601672654,18.916950403627737,18.944777956113768,18.893205196371632,19.159753062321666,18.965607893471418,]
Targets1_y = [16.69563763984652,17.487970947551734,15.931871978332332,16.263809599905265,17.214322552653822,16.95753955298963,15.63035136308889,17.768513606696526,17.30743738400526,15.930599803871356,16.86710263707665,16.46254029029243,17.103085040894186,17.58293513904164,18.012322180942437,17.315278443720132,17.94534888702806,16.498194450268834,16.834688688929692,17.759223012268684,16.09669451800007,15.883362070167648,16.466786417673866,17.128072644038273,18.07675112593486,17.575079627102276,17.338150427816746,18.375845632424344,16.55513749311238,17.803990406420933,16.972896293426373,17.718583505329867,16.11930024318769,18.03617073908004,17.249621992126233,16.762434010570903,16.340532870818983,17.541852012941835,16.057090705186237,18.099637999317977,16.73544946560936,15.659673992271404,16.372236940895952,17.35614041583245,17.928069651206357,15.983593193877471,17.01829999334012,18.27388426286806,17.574177499493793,16.46786677965835,17.43770101496758,17.86640752030939,16.08854340564071,18.283900061714387,]
Targets2_x = [17.933312423337327,17.5995121414275,16.973766014032037,17.52363702539375,17.938457221653444,18.3191846402539,16.876943402209715,17.63835768425767,17.278861647516447,16.55562600133902,17.841661646599757,16.67857245016278,17.093063699070758,18.235164844566217,17.275086712144454,18.628528352561396,17.0172606810867,17.592620165386943,18.070589265723548,18.582403306673584,16.6157660118219,17.085284015793388,18.29924201103289,17.850946376664428,17.406921351759582,16.924834850314955,17.52554311758245,17.200045229810254,18.633948024691964,16.777220043867903,18.13065717815674,]
Targets2_y = [
19.67512396720696,19.32367347530135,19.0395929295271,19.074019160666168,18.81642744826991,18.79568272824609,18.599563640271427,18.59614468901978,18.540770962092143,18.44270916504076,18.351017833150234,18.184806529805208,18.236008782087556,18.249915599608084,18.113530970586787,18.279945049696572,17.918673598481718,17.851605562933432,17.87749508127337,17.899190594327486,17.579841171458412,17.597261568920803,17.662005642347122,17.576926906554604,17.453782188094195,17.322136805859508,17.284706187254525,17.081316608478424,17.1632152178089,16.911663823241227,17.082307956661676,]
center1_x = [18.1170129536,17.7692775799]
center1_y = [16.1783882466,18.7950969316]
image_corners1_x = [16.672106391224386,17.032110230929362,19.561919515986926,19.20191567628195,]
image_corners1_y = [18.3067562824005,13.845859243082321,14.050020210778905,18.51091725009708,]
image_corners2_x = [16.497877544899694,16.5026450284355,19.04067761483499,19.035910131299183,]
image_corners2_y = [21.03144382350287,16.556046362818428,16.558750039681833,21.034147500366274,]