
Targets1_x = [15.661746790228593,]
Targets1_y = [17.104432309513214,]
Targets2_x = [17.933312423337327,17.5995121414275,]
Targets2_y = [
19.67512396720696,19.32367347530135,]
center1_x = [14.4223246109,17.7692775799]
center1_y = [18.6299226292,18.7950969316]
image_corners1_x = [13.165742190898067,13.140912067326566,15.67890703085997,15.70373715443147,]
image_corners1_y = [20.87462886643589,16.39929774740532,16.38521639188273,20.8605475109133,]
image_corners2_x = [16.497877544899694,16.5026450284355,19.04067761483499,19.035910131299183,]
image_corners2_y = [21.03144382350287,16.556046362818428,16.558750039681833,21.034147500366274,]