Targets2_x = [18.168582032423515,17.999767451447692,18.308355090698537,18.913983010162596,18.583298871770594,19.215222697001593,18.462720788352556,18.901516395049303,18.782078268255997,18.05309830912067,18.39102713447982,17.928126439480586,19.501377719824394,18.461283186686877,18.642604873388485,19.218373261154213,18.95960347718402,20.162966697157458,18.242883602272602,19.996743844131743,18.64023384598746,19.430773399037324,19.65942447851418,18.332126080080698,19.19816993443657,18.99410381660628,19.93539279947315,19.58782193879301,18.87410887197701,19.28702365305215,19.97546535398812,18.94540161536411,19.66292532961338,19.26969754803243,]
Targets2_y = [
17.23398621169875,17.8908716064757,17.641043283933346,17.078595974157814,17.407388958492863,17.033184056392326,17.914755994229107,17.612686147099453,17.777795364453254,18.488594755691953,18.23087381419493,18.741273978979414,17.42164346221841,18.545021517245356,18.426788140275526,17.90561813483845,18.172916318457712,17.018680512798333,18.900602431984556,17.508642480656412,18.848334586444434,18.205276463954572,17.99594792736564,19.336093585544926,18.66916322659478,18.908092122087027,18.233981869368478,18.575034937927438,19.377901386766528,19.12969289419299,18.610272305122216,19.625279719049406,19.11465885371585,19.976764492607508,]
center2_x = [19.12042419212704]
center2_y = [19.106235737878027]
image_corners2_x = [17.816820766399303,17.886299458775987,20.42402761785478,20.35454892547809,17.816820766399303]
image_corners2_y = [21.3239651123294,16.849104458487133,16.888506363426654,21.36336701726892,21.3239651123294] 