Targets2_x = [16.03189467574429,16.031880415180172,16.137000922492653,16.146905369954723,16.323369899022058,16.364588018091748,16.457560735768727,16.492256177404624,16.503237588963845,16.555616518457807,16.582134619962858,]
Targets2_y = [
18.291662889401564,17.423451582153145,18.024835483749648,16.743116886988783,17.143830094226082,18.42629537848222,17.73470660832002,18.86014975951398,17.408119532512973,18.047171365162324,16.883478733721187,]
center2_x = [17.271755991077878]
center2_y = [18.559797140896887]
image_corners2_x = [16.15896220952433,15.852474295411625,18.384549772631427,18.69103768674413,16.15896220952433]
image_corners2_y = [20.879149522405424,16.41425643090784,16.24044475938835,20.705337850885932,20.879149522405424]