Targets2_x = [16.053687338092278,16.097593870125554,16.171304635636606,16.245955035064103,16.40049124091772,16.376445526531082,16.503530869771673,16.480967095129955,]
Targets2_y = [
18.020592703571598,17.16053432579685,17.76158822425338,16.492407699422902,16.898284583655077,18.170790947562043,17.490400368787512,18.6070292787628,]
center2_x = [17.268340470739663]
center2_y = [18.348930331962723]
image_corners2_x = [16.038706373212456,15.960329774980003,18.497974568266873,18.57635116649932,16.038706373212456]
image_corners2_y = [20.608511146200627,16.13379749403812,16.08934951772482,20.564063169887326,20.608511146200627]