Targets2_x = [16.21614124347804,16.27118110028063,16.337561474328904,]
Targets2_y = [
18.19522999811908,17.332021674843137,17.936605316234424,]
center2_x = [17.43185405970443]
center2_y = [18.540439558447883]
image_corners2_x = [16.173691878331027,16.152011994303784,18.690016241077835,18.711696125105078,16.173691878331027]
image_corners2_y = [20.784260717817606,16.308913229339357,16.29661839907816,20.77196588755641,20.784260717817606]