Targets2_x = [16.015870644500538,16.7185084268345,15.988585145228598,16.240130104453165,16.46190400933741,17.006153298719504,16.450511452447014,16.81947189128431,]
Targets2_y = [
17.373653451480816,17.06222877149697,18.05769551595989,17.745711763194667,17.456824113775472,16.953529695814694,17.983085762813065,17.591934386085303,]
center2_x = [17.352240275640245]
center2_y = [19.01940512894148]
image_corners2_x = [16.543688472057614,15.671429972748395,18.160792079222876,19.033050578532098,16.543688472057614]
image_corners2_y = [21.461524997170073,17.071949816086732,16.577285260712884,20.966860441796225,21.461524997170073]