Targets2_x = [16.030329560071717,16.053167953000422,16.40989618801112,16.30504967714045,16.085926863192988,15.85915834817081,16.69777165073762,16.199045733474172,15.953142941064185,16.637564641134933,15.896308106343172,17.131918321909907,16.653777419296752,16.29875458982306,17.459591762268925,16.150345911675895,16.63270167958871,]
Targets2_y = [
15.055681164666037,15.77548855647876,15.439130717245892,15.697266066091531,16.15950610650104,16.5288589127097,15.714381608774435,16.43955988547271,16.846514538719127,16.2773706165417,17.306127797579236,15.797075045945578,16.492963884418675,16.961790903402722,15.834108895540911,17.510193852950778,16.91207382171606,]
center2_x = [16.99154735959976]
center2_y = [16.489690419832435]
image_corners2_x = [16.126149695228523,15.356703508930504,17.856945023970997,18.62639121026902,16.126149695228523]
image_corners2_y = [18.9122494701704,14.503490265315657,14.067131369494474,18.475890574349215,18.9122494701704]