Targets2_x = [15.470247138448697,14.844092477501444,15.751423030770223,14.504934407597823,15.189576432436573,14.726227041552482,15.59148595826081,14.047443919737342,]
Targets2_y = [
17.556613213892994,17.444295359629045,17.815858949951647,17.37993109460571,17.843893025070354,17.717621912979265,18.083798633834473,17.599450207240025,]
center2_x = [14.599334047242841]
center2_y = [19.359643577709964]
image_corners2_x = [13.146368115619365,13.344144405570075,15.879698930552948,15.68192264060224,13.146368115619365]
image_corners2_y = [21.499311753895785,17.02828394150932,17.140444408400075,21.611472220786546,21.499311753895785]