Targets2_x = [18.00490135863285,17.671101076723023,17.04535494932756,17.595225960689273,18.010046156948967,18.390773575549424,16.948532337505238,17.709946619553193,17.35045058281197,16.627214936634545,17.91325058189528,16.750161385458302,17.16465263436628,18.30675377986174,17.346675647439977,18.70011728785692,17.088849616382223,17.664209100682466,18.14217820101907,18.653992241969107,16.687354947117424,17.15687295108891,18.370830946328415,17.92253531195995,17.478510287055105,16.996423785610478,17.597132052877974,17.271634165105777,18.705536959987487,16.848808979163426,18.20224611345226,]
Targets2_y = [
19.459097783812254,19.107647291906645,18.823566746132393,18.85799297727146,18.600401264875202,18.57965654485138,18.38353745687672,18.380118505625074,18.324744778697436,18.226682981646054,18.134991649755527,17.9687803464105,18.01998259869285,18.033889416213377,17.89750478719208,18.063918866301865,17.70264741508701,17.635579379538726,17.661468897878663,17.68316441093278,17.363814988063705,17.381235385526097,17.445979458952415,17.360900723159897,17.237756004699488,17.1061106224648,17.068680003859818,16.865290425083717,16.947189034414194,16.69563763984652,16.86628177326697,]
center2_x = [17.840866515162865]
center2_y = [18.579070748197644]
image_corners2_x = [16.569466480195217,16.57423396373102,19.112266550130514,19.107499066594706,16.569466480195217]
image_corners2_y = [20.815417640108162,16.34002017942372,16.342723856287126,20.818121316971567,20.815417640108162]