Targets_x = [13.0273630969559,13.509274609721109,16.086142360457178,12.410995184786444,14.59273744702288,15.457398281624927,15.122630351225398,15.913851193538436,15.484654357571259,13.312742401912443,14.642405573393201,14.237502497873484,16.22351895789588,];
Targets_y = [
21.156222426305536,21.138796656936826,21.113343066223642,21.318193198397225,21.252000545274772,21.284226999136706,21.507973165427288,21.73333214290712,21.803878442394456,21.90781102600945,21.92322314100684,21.963261236936557,22.10308856653044,];
center_x = [14.5266452229];
center_y = [22.3506911246];
image_corners_x = [16.808741021678806,12.336263999699938,12.244549424075135,16.717026446054007,16.808741021678806];
image_corners_y = [23.538017631888106,23.699741000239843,21.163364617265064,21.001641248913327,23.538017631888106];
