Targets_x = [8.982189803739898,9.6927953303656,8.52967704410002,10.049980916911528,6.807775131321009,8.201189805998183,7.820762322277669,9.029627120414117,6.153228742398992,7.445942136408494,8.44344499299563,10.429708829799194,6.2626788198422325,9.298618949129228,8.477983829568677,9.794803378977171,8.719412469987176,7.634264579820236,7.071128870944181,6.569261719953978,6.076534323003654,];
Targets_y = [
20.688929952217446,20.93120901005063,20.821704270531054,21.135783861550802,20.711620015519866,20.91951108336184,20.925200724908958,21.10894792570648,20.75823770602,21.051074818237048,21.21996875261183,21.52675024097689,21.160771926767627,21.5963458471334,21.510316195066025,21.716718857141665,21.588828395010815,21.698563215186848,21.63342279630332,21.58909618731273,21.964043348928005,];
center_x = [8.35434234489];
center_y = [21.0206033213];
image_corners_x = [10.408517903451672,5.970932235722346,6.300166786328505,10.737752454057832,10.408517903451672];
image_corners_y = [22.56917306285595,21.988622805287086,19.472033579731704,20.052583837300567,22.56917306285595];
