Targets_x = [14.363134264194512,15.877483067687642,15.509381945300486,14.959416051912081,14.659012099017676,15.38229155471189,14.997323888244956,14.248556731138434,15.657132977419428,];
Targets_y = [
21.065389125578488,21.09558188343598,21.31963334854281,21.471703906246713,21.65348083477348,21.81027108933498,21.894724186458163,22.017107893889087,22.10225071710819,];
center_x = [16.4739633143];
center_y = [20.9858297835];
image_corners_x = [18.71117513511884,14.235775466045002,14.236751493539233,18.712151162613072,18.71117513511884];
image_corners_y = [22.255707233853908,22.253986172039077,19.715952333244843,19.71767339505967,22.255707233853908];
