Targets_x = [13.068299206516043,9.03284778845591,11.701971938822046,12.492857708709396,9.844729644476576,11.908926261496736,13.139822177070606,11.17287700803717,12.835233436226746,9.116931605763838,10.292866663941597,12.373923812444195,11.087664174736842,10.770405167087489,11.269437120240003,9.463204153272882,8.782155546319288,12.081577605474788,12.952918949169955,10.059512422605787,];
Targets_y = [
21.055286455974997,21.033621389476444,21.070600185811458,21.18574170849836,21.279919447748064,21.341567336465104,21.385315203204502,21.357622138472788,21.406107370149766,21.473646456079162,21.49194934279418,21.60437777150785,21.877819281475542,21.88167631235737,21.97955443882446,21.977430695085452,21.98509004682305,22.005889700182053,22.04921480762914,22.088113376603825,];
center_x = [10.9362774934];
center_y = [21.1162305489];
image_corners_x = [13.172483854985341,8.697086948542218,8.700071131782042,13.175468038225166,13.172483854985341];
image_corners_y = [22.387877739787918,22.382615630008363,19.84458335792342,19.849845467702973,22.387877739787918];
