Targets_x = [12.660116828296973,14.094130789581882,15.566192102155618,11.86566905786737,15.19956194441804,13.211463703478529,11.168692121572361,12.835446337117904,12.374648125394643,14.633692277072857,13.834222984439736,11.762519879543373,14.317550694098683,15.020657288921901,14.644662537588312,13.867112137160948,11.40543523561808,13.4867290843808,12.623855077941974,15.284681028984307,];
Targets_y = [
20.877405747529654,20.878199245879628,20.874559212728983,21.02970724161825,21.134556491777378,21.14518555448354,21.215328560143607,21.231798217035966,21.285023210070527,21.315246748207347,21.319520988316846,21.516722186885694,21.524212691843513,21.693888443905845,21.78473110271559,21.93271214043873,21.97971405623129,21.993967440474282,22.007040898503934,22.02242602030053,];
center_x = [13.3878118747];
center_y = [20.8988959404];
image_corners_x = [15.632264402949492,11.156928362706928,11.143359346486296,15.61869538672886,15.632264402949492];
image_corners_y = [22.15593146831789,22.179858166920273,19.641860412529404,19.61793371392702,22.15593146831789];
