Targets_x = [12.569175982097109,11.086708522783187,10.09824694596686,11.916778013401657,13.000012450939446,13.359941077686923,12.453120354089066,9.221859326142212,10.653268973284586,11.005342552005668,9.871770833768188,11.213205612947869,12.125844735323776,13.178887633842386,];
Targets_y = [
21.248861416184877,21.339535986303186,21.395758301154775,21.35242226626192,21.46214721108716,21.466312137064158,21.67624932773185,21.867044516212296,21.888231493228332,21.90960588799523,22.05139658007849,22.04191305135751,22.115361501525015,22.209226413023757,];
center_x = [11.1970790228];
center_y = [22.5419455797];
image_corners_x = [13.478354043441861,9.005766366306789,8.915804002079883,13.388391679214957,13.478354043441861];
image_corners_y = [23.730848330092623,23.8894819656794,21.35304282930791,21.19440919372113,23.730848330092623];
