
Targets1_x = [11.40543523561808,11.168692121572361,11.762519879543373,11.86566905786737,12.623855077941974,12.374648125394643,12.835446337117904,13.4867290843808,12.660116828296973,13.211463703478529,13.867112137160948,13.834222984439736,14.094130789581882,]
Targets1_y = [21.97971405623129,21.215328560143607,21.516722186885694,21.02970724161825,22.007040898503934,21.285023210070527,21.231798217035966,21.993967440474282,20.877405747529654,21.14518555448354,21.93271214043873,21.319520988316846,20.878199245879628,]
Targets2_x = [13.359941077686923,13.000012450939446,12.569175982097109,13.178887633842386,12.453120354089066,11.916778013401657,12.125844735323776,11.086708522783187,11.213205612947869,11.005342552005668,10.653268973284586,]
Targets2_y = [
21.466312137064158,21.46214721108716,21.248861416184877,22.209226413023757,21.67624932773185,21.35242226626192,22.115361501525015,21.339535986303186,22.04191305135751,21.90960588799523,21.888231493228332,]
center1_x = [13.3878118747,11.1970790228]
center1_y = [20.8988959404,22.5419455797]
image_corners1_x = [15.632264402949492,11.156928362706928,11.143359346486296,15.61869538672886,]
image_corners1_y = [22.15593146831789,22.179858166920273,19.641860412529404,19.61793371392702,]
image_corners2_x = [13.478354043441861,9.005766366306789,8.915804002079883,13.388391679214957,]
image_corners2_y = [23.730848330092623,23.8894819656794,21.35304282930791,21.19440919372113,]