
Targets1_x = [15.284681028984307,15.020657288921901,15.19956194441804,]
Targets1_y = [22.02242602030053,21.693888443905845,21.134556491777378,]
Targets2_x = [15.862620871867703,16.269611927789835,]
Targets2_y = [
21.828951032298864,22.251593797878503,]
center1_x = [13.3878118747,17.9170651134]
center1_y = [20.8988959404,22.5158654264]
image_corners1_x = [15.632264402949492,11.156928362706928,11.143359346486296,15.61869538672886,]
image_corners1_y = [22.15593146831789,22.179858166920273,19.641860412529404,19.61793371392702,]
image_corners2_x = [20.182054506037385,15.707730639932391,15.652075720818932,20.126399586923924,]
image_corners2_y = [23.73550821066987,23.833646384706604,21.296222642113985,21.198084468077248,]