
Targets1_x = [16.230132282487777,15.931598444989431,15.500493349194976,15.488704305836999,15.147430020082158,]
Targets1_y = [22.153664890063144,21.774862190810143,21.83261252202691,21.312380329047123,21.52607117123798,]
Targets2_x = [15.837233284120785,15.888222217652723,16.278233472070802,]
Targets2_y = [
21.251705719730715,21.763956715967286,22.198483799480464,]
center1_x = [14.5266452229,17.9170651134]
center1_y = [22.3506911246,22.5158654264]
image_corners1_x = [16.772419179964782,12.297110793195678,12.280871265789159,16.75617965255826,]
image_corners1_y = [23.605364310525708,23.634000010519205,21.096017938627465,21.067382238633968,]
image_corners2_x = [20.14477911180038,15.669515787829301,15.689351115055938,20.164614439027016,]
image_corners2_y = [23.80233183144494,23.767355537768633,21.229399021338914,21.26437531501522,]