
Targets1_x = [15.566192102155618,15.284681028984307,15.19956194441804,15.020657288921901,14.644662537588312,14.633692277072857,14.317550694098683,14.094130789581882,13.867112137160948,13.834222984439736,13.4867290843808,]
Targets1_y = [20.874559212728983,22.02242602030053,21.134556491777378,21.693888443905845,21.78473110271559,21.315246748207347,21.524212691843513,20.878199245879628,21.93271214043873,21.319520988316846,21.993967440474282,]
Targets2_x = [14.248556731138434,14.363134264194512,14.659012099017676,14.959416051912081,14.997323888244956,15.38229155471189,15.509381945300486,15.657132977419428,15.877483067687642,]
Targets2_y = [
22.017107893889087,21.065389125578488,21.65348083477348,21.471703906246713,21.894724186458163,21.81027108933498,21.31963334854281,22.10225071710819,21.09558188343598,]
center1_x = [13.3878118747,16.4739633143]
center1_y = [20.8988959404,20.9858297835]
image_corners1_x = [15.632264402949492,11.156928362706928,11.143359346486296,15.61869538672886,]
image_corners1_y = [22.15593146831789,22.179858166920273,19.641860412529404,19.61793371392702,]
image_corners2_x = [18.71117513511884,14.235775466045002,14.236751493539233,18.712151162613072,]
image_corners2_y = [22.255707233853908,22.253986172039077,19.715952333244843,19.71767339505967,]