
Targets1_x = [15.284681028984307,15.020657288921901,15.19956194441804,]
Targets1_y = [22.02242602030053,21.693888443905845,21.134556491777378,]
Targets2_x = [15.837233284120785,15.888222217652723,16.278233472070802,]
Targets2_y = [
21.251705719730715,21.763956715967286,22.198483799480464,]
center1_x = [13.3878118747,17.9170651134]
center1_y = [20.8988959404,22.5158654264]
image_corners1_x = [15.632264402949492,11.156928362706928,11.143359346486296,15.61869538672886,]
image_corners1_y = [22.15593146831789,22.179858166920273,19.641860412529404,19.61793371392702,]
image_corners2_x = [20.14477911180038,15.669515787829301,15.689351115055938,20.164614439027016,]
image_corners2_y = [23.80233183144494,23.767355537768633,21.229399021338914,21.26437531501522,]