
Targets1_x = [13.139822177070606,13.068299206516043,12.952918949169955,12.835233436226746,12.492857708709396,12.373923812444195,12.081577605474788,11.908926261496736,11.701971938822046,11.269437120240003,11.17287700803717,11.087664174736842,10.770405167087489,10.292866663941597,]
Targets1_y = [21.385315203204502,21.055286455974997,22.04921480762914,21.406107370149766,21.18574170849836,21.60437777150785,22.005889700182053,21.341567336465104,21.070600185811458,21.97955443882446,21.357622138472788,21.877819281475542,21.88167631235737,21.49194934279418,]
Targets2_x = [11.168692121572361,11.40543523561808,11.762519879543373,11.86566905786737,12.374648125394643,12.623855077941974,12.660116828296973,12.835446337117904,13.211463703478529,13.4867290843808,13.867112137160948,13.834222984439736,14.094130789581882,]
Targets2_y = [
21.215328560143607,21.97971405623129,21.516722186885694,21.02970724161825,21.285023210070527,22.007040898503934,20.877405747529654,21.231798217035966,21.14518555448354,21.993967440474282,21.93271214043873,21.319520988316846,20.878199245879628,]
center1_x = [10.9362774934,13.3878118747]
center1_y = [21.1162305489,20.8988959404]
image_corners1_x = [13.172483854985341,8.697086948542218,8.700071131782042,13.175468038225166,]
image_corners1_y = [22.387877739787918,22.382615630008363,19.84458335792342,19.849845467702973,]
image_corners2_x = [15.632264402949492,11.156928362706928,11.143359346486296,15.61869538672886,]
image_corners2_y = [22.15593146831789,22.179858166920273,19.641860412529404,19.61793371392702,]