
Targets1_x = [14.248556731138434,14.659012099017676,14.363134264194512,14.997323888244956,14.959416051912081,15.38229155471189,15.657132977419428,15.509381945300486,15.877483067687642,]
Targets1_y = [22.017107893889087,21.65348083477348,21.065389125578488,21.894724186458163,21.471703906246713,21.81027108933498,22.10225071710819,21.31963334854281,21.09558188343598,]
Targets2_x = [16.086142360457178,16.22351895789588,15.913851193538436,15.457398281624927,15.484654357571259,15.122630351225398,14.59273744702288,14.642405573393201,14.237502497873484,13.509274609721109,]
Targets2_y = [
21.113343066223642,22.10308856653044,21.73333214290712,21.284226999136706,21.803878442394456,21.507973165427288,21.252000545274772,21.92322314100684,21.963261236936557,21.138796656936826,]
center1_x = [16.4739633143,14.5266452229]
center1_y = [20.9858297835,22.3506911246]
image_corners1_x = [18.71117513511884,14.235775466045002,14.236751493539233,18.712151162613072,]
image_corners1_y = [22.255707233853908,22.253986172039077,19.715952333244843,19.71767339505967,]
image_corners2_x = [16.808741021678806,12.336263999699938,12.244549424075135,16.717026446054007,]
image_corners2_y = [23.538017631888106,23.699741000239843,21.163364617265064,21.001641248913327,]