
Targets1_x = [12.952918949169955,12.081577605474788,11.269437120240003,10.059512422605787,11.087664174736842,12.373923812444195,10.770405167087489,13.139822177070606,12.835233436226746,9.463204153272882,11.908926261496736,12.492857708709396,13.068299206516043,11.17287700803717,10.292866663941597,11.701971938822046,9.116931605763838,9.844729644476576,9.03284778845591,]
Targets1_y = [22.04921480762914,22.005889700182053,21.97955443882446,22.088113376603825,21.877819281475542,21.60437777150785,21.88167631235737,21.385315203204502,21.406107370149766,21.977430695085452,21.341567336465104,21.18574170849836,21.055286455974997,21.357622138472788,21.49194934279418,21.070600185811458,21.473646456079162,21.279919447748064,21.033621389476444,]
Targets2_x = [10.09824694596686,11.086708522783187,11.916778013401657,12.569175982097109,9.221859326142212,10.653268973284586,13.000012450939446,9.871770833768188,13.359941077686923,11.005342552005668,12.453120354089066,11.213205612947869,12.125844735323776,]
Targets2_y = [
21.395758301154775,21.339535986303186,21.35242226626192,21.248861416184877,21.867044516212296,21.888231493228332,21.46214721108716,22.05139658007849,21.466312137064158,21.90960588799523,21.67624932773185,22.04191305135751,22.115361501525015,]
center1_x = [10.9362774934,11.1970790228]
center1_y = [21.1162305489,22.5419455797]
image_corners1_x = [13.172483854985341,8.697086948542218,8.700071131782042,13.175468038225166,]
image_corners1_y = [22.387877739787918,22.382615630008363,19.84458335792342,19.849845467702973,]
image_corners2_x = [13.478354043441861,9.005766366306789,8.915804002079883,13.388391679214957,]
image_corners2_y = [23.730848330092623,23.8894819656794,21.35304282930791,21.19440919372113,]