
Targets1_x = [10.429708829799194,9.794803378977171,10.049980916911528,9.6927953303656,9.298618949129228,9.029627120414117,8.719412469987176,8.477983829568677,8.44344499299563,8.201189805998183,]
Targets1_y = [21.52675024097689,21.716718857141665,21.135783861550802,20.93120901005063,21.5963458471334,21.10894792570648,21.588828395010815,21.510316195066025,21.21996875261183,20.91951108336184,]
Targets2_x = [9.221859326142212,10.09824694596686,9.871770833768188,10.653268973284586,11.086708522783187,11.005342552005668,11.213205612947869,]
Targets2_y = [
21.867044516212296,21.395758301154775,22.05139658007849,21.888231493228332,21.339535986303186,21.90960588799523,22.04191305135751,]
center1_x = [8.35434234489,11.1970790228]
center1_y = [21.0206033213,22.5419455797]
image_corners1_x = [10.408517903451672,5.970932235722346,6.300166786328505,10.737752454057832,]
image_corners1_y = [22.56917306285595,21.988622805287086,19.472033579731704,20.052583837300567,]
image_corners2_x = [13.478354043441861,9.005766366306789,8.915804002079883,13.388391679214957,]
image_corners2_y = [23.730848330092623,23.8894819656794,21.35304282930791,21.19440919372113,]