
Targets1_x = [16.22351895789588,15.913851193538436,15.484654357571259,15.457398281624927,15.122630351225398,]
Targets1_y = [22.10308856653044,21.73333214290712,21.803878442394456,21.284226999136706,21.507973165427288,]
Targets2_x = [15.862620871867703,16.269611927789835,]
Targets2_y = [
21.828951032298864,22.251593797878503,]
center1_x = [14.5266452229,17.9170651134]
center1_y = [22.3506911246,22.5158654264]
image_corners1_x = [16.808741021678806,12.336263999699938,12.244549424075135,16.717026446054007,]
image_corners1_y = [23.538017631888106,23.699741000239843,21.163364617265064,21.001641248913327,]
image_corners2_x = [20.182054506037385,15.707730639932391,15.652075720818932,20.126399586923924,]
image_corners2_y = [23.73550821066987,23.833646384706604,21.296222642113985,21.198084468077248,]