
Targets1_x = [15.284681028984307,15.020657288921901,14.644662537588312,15.566192102155618,15.19956194441804,13.867112137160948,14.633692277072857,14.317550694098683,13.4867290843808,13.834222984439736,14.094130789581882,12.623855077941974,13.211463703478529,12.835446337117904,12.374648125394643,12.660116828296973,11.762519879543373,11.86566905786737,]
Targets1_y = [22.02242602030053,21.693888443905845,21.78473110271559,20.874559212728983,21.134556491777378,21.93271214043873,21.315246748207347,21.524212691843513,21.993967440474282,21.319520988316846,20.878199245879628,22.007040898503934,21.14518555448354,21.231798217035966,21.285023210070527,20.877405747529654,21.516722186885694,21.02970724161825,]
Targets2_x = [12.410995184786444,13.0273630969559,13.509274609721109,13.312742401912443,14.59273744702288,14.237502497873484,15.122630351225398,14.642405573393201,15.457398281624927,16.086142360457178,15.484654357571259,15.913851193538436,]
Targets2_y = [
21.318193198397225,21.156222426305536,21.138796656936826,21.90781102600945,21.252000545274772,21.963261236936557,21.507973165427288,21.92322314100684,21.284226999136706,21.113343066223642,21.803878442394456,21.73333214290712,]
center1_x = [13.3878118747,14.5266452229]
center1_y = [20.8988959404,22.3506911246]
image_corners1_x = [15.632264402949492,11.156928362706928,11.143359346486296,15.61869538672886,]
image_corners1_y = [22.15593146831789,22.179858166920273,19.641860412529404,19.61793371392702,]
image_corners2_x = [16.808741021678806,12.336263999699938,12.244549424075135,16.717026446054007,]
image_corners2_y = [23.538017631888106,23.699741000239843,21.163364617265064,21.001641248913327,]