
Targets1_x = [10.429708829799194,10.049980916911528,9.794803378977171,9.6927953303656,9.298618949129228,9.029627120414117,8.982189803739898,8.719412469987176,8.52967704410002,8.477983829568677,8.44344499299563,8.201189805998183,7.820762322277669,]
Targets1_y = [21.52675024097689,21.135783861550802,21.716718857141665,20.93120901005063,21.5963458471334,21.10894792570648,20.688929952217446,21.588828395010815,20.821704270531054,21.510316195066025,21.21996875261183,20.91951108336184,20.925200724908958,]
Targets2_x = [8.782155546319288,9.03284778845591,9.116931605763838,9.463204153272882,9.844729644476576,10.059512422605787,10.292866663941597,10.770405167087489,11.087664174736842,11.17287700803717,11.269437120240003,]
Targets2_y = [
21.98509004682305,21.033621389476444,21.473646456079162,21.977430695085452,21.279919447748064,22.088113376603825,21.49194934279418,21.88167631235737,21.877819281475542,21.357622138472788,21.97955443882446,]
center1_x = [8.35434234489,10.9362774934]
center1_y = [21.0206033213,21.1162305489]
image_corners1_x = [10.408517903451672,5.970932235722346,6.300166786328505,10.737752454057832,]
image_corners1_y = [22.56917306285595,21.988622805287086,19.472033579731704,20.052583837300567,]
image_corners2_x = [13.172483854985341,8.697086948542218,8.700071131782042,13.175468038225166,]
image_corners2_y = [22.387877739787918,22.382615630008363,19.84458335792342,19.849845467702973,]