
Targets1_x = [13.359941077686923,13.178887633842386,13.000012450939446,12.569175982097109,12.453120354089066,12.125844735323776,11.916778013401657,]
Targets1_y = [21.466312137064158,22.209226413023757,21.46214721108716,21.248861416184877,21.67624932773185,22.115361501525015,21.35242226626192,]
Targets2_x = [12.410995184786444,13.0273630969559,13.312742401912443,]
Targets2_y = [
21.318193198397225,21.156222426305536,21.90781102600945,]
center1_x = [11.1970790228,14.5266452229]
center1_y = [22.5419455797,22.3506911246]
image_corners1_x = [13.478354043441861,9.005766366306789,8.915804002079883,13.388391679214957,]
image_corners1_y = [23.730848330092623,23.8894819656794,21.35304282930791,21.19440919372113,]
image_corners2_x = [16.808741021678806,12.336263999699938,12.244549424075135,16.717026446054007,]
image_corners2_y = [23.538017631888106,23.699741000239843,21.163364617265064,21.001641248913327,]