
Targets1_x = [13.490520983831487,13.25786786473886,13.37630945264056,12.906773157744531,12.792561626553605,12.32725538836835,12.496457656799352,12.119982609540372,11.591225520693492,11.692746881752093,11.506624386477991,11.189370133169861,]
Targets1_y = [20.957152470632202,21.30824717762653,21.951215797664336,21.08828422866623,21.511289899743733,21.240566270254128,21.913145287267362,20.969842640764526,21.261716553808004,21.88776494700271,21.782013529233335,21.782013529233335,]
Targets2_x = [12.094823429829674,12.97044516896011,12.716641766313607,13.207328344763512,13.896827588619844,14.30291303285425,14.277532692589599,]
Targets2_y = [
21.229492825206634,21.855541218401342,21.094131010461833,21.094131010461833,21.940142352616842,21.918992069062966,21.246413052049732,]
center1_x = [11.354342344890089,14.171781274820223]
center1_y = [21.020603321293827,22.34199774014047]
image_corners1_x = [13.592042344890089,9.116642344890089,9.116642344890089,13.592042344890089,]
image_corners1_y = [22.28962033452634,22.28962033452634,19.751586308061313,19.751586308061313,]
image_corners2_x = [16.409481274820223,11.934081274820223,11.934081274820223,16.409481274820223,]
image_corners2_y = [23.611014753372984,23.611014753372984,21.072980726907957,21.072980726907957,]