
Targets1_x = [10.429708829799194,9.794803378977171,10.049980916911528,9.6927953303656,9.298618949129228,9.029627120414117,8.719412469987176,8.477983829568677,8.44344499299563,8.201189805998183,]
Targets1_y = [21.52675024097689,21.716718857141665,21.135783861550802,20.93120901005063,21.5963458471334,21.10894792570648,21.588828395010815,21.510316195066025,21.21996875261183,20.91951108336184,]
Targets2_x = [9.242805350569533,10.13282183247838,9.886946539109418,10.672951672785027,11.122518261063481,11.024233810531372,11.228069967688569,]
Targets2_y = [
21.80859797481751,21.363584920384547,22.012197533812163,21.872347194270215,21.336785353683094,21.904183168976164,22.042613868666013,]
center1_x = [8.35434234489,11.1970790228]
center1_y = [21.0206033213,22.5419455797]
image_corners1_x = [10.408517903451672,5.970932235722346,6.300166786328505,10.737752454057832,]
image_corners1_y = [22.56917306285595,21.988622805287086,19.472033579731704,20.052583837300567,]
image_corners2_x = [13.441985685697384,8.966658584594422,8.952172359824361,13.427499460927324,]
image_corners2_y = [23.79816990066242,23.823713943673624,21.28572125873811,21.260177215726905,]