
Targets1_x = [12.952918949169955,13.139822177070606,13.068299206516043,12.835233436226746,12.373923812444195,12.492857708709396,12.081577605474788,11.908926261496736,11.701971938822046,]
Targets1_y = [22.04921480762914,21.385315203204502,21.055286455974997,21.406107370149766,21.60437777150785,21.18574170849836,22.005889700182053,21.341567336465104,21.070600185811458,]
Targets2_x = [12.410995184786444,13.0273630969559,13.509274609721109,13.312742401912443,]
Targets2_y = [
21.318193198397225,21.156222426305536,21.138796656936826,21.90781102600945,]
center1_x = [10.9362774934,14.5266452229]
center1_y = [21.1162305489,22.3506911246]
image_corners1_x = [13.172483854985341,8.697086948542218,8.700071131782042,13.175468038225166,]
image_corners1_y = [22.387877739787918,22.382615630008363,19.84458335792342,19.849845467702973,]
image_corners2_x = [16.808741021678806,12.336263999699938,12.244549424075135,16.717026446054007,]
image_corners2_y = [23.538017631888106,23.699741000239843,21.163364617265064,21.001641248913327,]