
Targets1_x = [15.657132977419428,15.38651998439739,15.877483067687642,15.509381945300486,]
Targets1_y = [22.10225071710819,21.81450277244546,21.09558188343598,21.31963334854281,]
Targets2_x = [15.837233284120785,15.883959231246628,16.27397048566471,]
Targets2_y = [
21.251705719730715,21.768153584615956,22.20268066812914,]
center1_x = [16.4739633143,17.9170651134]
center1_y = [20.9858297835,22.5158654264]
image_corners1_x = [18.71117513511884,14.235775466045002,14.236751493539233,18.712151162613072,]
image_corners1_y = [22.255707233853908,22.253986172039077,19.715952333244843,19.71767339505967,]
image_corners2_x = [20.14477911180038,15.669515787829301,15.689351115055938,20.164614439027016,]
image_corners2_y = [23.80233183144494,23.767355537768633,21.229399021338914,21.26437531501522,]