Targets2_x = [9.215960928697676,10.04998091691153,9.794803378977171,10.519426300504406,10.955352831886842,10.838829867769565,11.018515194747408,]
Targets2_y = [
21.50037182456987,21.135783861550802,21.716718857141665,21.62600218934281,21.15794024008114,21.67163882427506,21.807703807174764,]
center2_x = [9.92239214794435]
center2_y = [21.42625135934623]
image_corners2_x = [13.24122239287023,8.770521921351447,8.886803149831131,13.357503621349913,13.24122239287023]
image_corners2_y = [23.710537372765806,23.50549480654663,20.97012591910687,21.175168485326044,23.710537372765806]