Targets2_x = [15.488704305836997,15.500493349194974,15.859986820245231,]
Targets2_y = [
21.312380329047123,21.83261252202691,22.3007176276079,]
center2_x = [15.494598827515986]
center2_y = [21.572496425537018]
image_corners2_x = [19.588624715950424,15.129143970100296,15.343024534265188,19.802505280115316,19.588624715950424]
image_corners2_y = [24.187768676780273,23.810625948636176,21.281619854581287,21.65876258272538,24.187768676780273]