Targets2_x = [8.624404404255447,8.869324540554896,8.940061392727948,9.251034254674998,9.61249410105998,9.797930397420672,10.02156020528182,10.455002522985403,10.746915495155747,10.833124212470373,10.912604063373,]
Targets2_y = [
21.587157252079813,20.715644131334333,21.121698766913482,21.590348161092997,20.95442378956958,21.70113130747348,21.156211746618144,21.521909905577743,21.52313049110513,21.045868155783943,21.619451625478245,]
center2_x = [10.653513784068032]
center2_y = [20.755401858160333]
image_corners2_x = [12.880078544444572,8.40536490787962,8.449813389201193,12.924527025766142,12.880078544444572]
image_corners2_y = [22.07268884722305,21.99431135849268,19.45666657405131,19.53504406278168,22.07268884722305]