Targets2_x = [9.878578642592398,10.883604583594847,8.960054088551468,11.723057548384128,12.387101962502047,9.599895870544229,10.403264942371951,12.811539628507614,10.758286893181907,13.175644205972787,12.24169991593639,10.958777607317325,11.881560127691722,]
Targets2_y = [
21.15772912714806,21.175254909366327,21.56905246402077,21.250821480087488,21.194939854673628,21.804487819294458,21.702440112801554,21.443502645905273,21.74630734043054,21.47482879180223,21.61908434356623,21.895920789875987,22.039190576568632,]
center2_x = [10.963389996006786]
center2_y = [22.446310875556666]
image_corners2_x = [13.111789126306556,8.639757538291502,8.738210180937791,13.210241768952848,13.111789126306556]
image_corners2_y = [23.743113580844103,23.569508754311144,21.033384980389563,21.206989806922525,23.743113580844103]