Targets2_x = [9.870225696098636,10.927299099395773,11.812871993637204,12.512892184669976,8.91818154461339,10.445340185552755,12.965269908030123,9.60542034363197,13.34931555672898,10.82039591973856,12.373979674729041,11.03761755980092,12.009196003642723,]
Targets2_y = [
21.2241051092018,21.198861789688287,21.241814387464057,21.154220335190228,21.6963348254532,21.769299778723205,21.39703879862397,21.915975022848926,21.41414495117967,21.804499224781683,21.606337090254023,21.953037050305056,22.063538817853054,]
center2_x = [11.050520567836179]
center2_y = [22.453980612452323]
image_corners2_x = [13.269660277539712,8.794274392980485,8.787899933147674,13.263285817706903,13.269660277539712]
image_corners2_y = [23.705150595452245,23.716390892957435,21.178364871468276,21.167124573963083,23.705150595452245]