Targets2_x = [12.39612437211029,13.000012450939444,13.178887633842386,]
Targets2_y = [
21.540542170765278,21.46214721108716,22.209226413023757,]
center2_x = [13.089450042390915]
center2_y = [21.835686812055457]
image_corners2_x = [16.442603584584845,11.986020787065689,12.218517625039873,16.675100422559034,16.442603584584845]
image_corners2_y = [24.289348014999945,23.879378590705468,21.35201594560954,21.76198536990402,24.289348014999945]