Targets2_x = [13.705955769349194,13.896912585057732,14.191155114232815,14.540754747966593,14.555751682635305,14.994067691608,15.16898584448773,15.283994586500741,15.597454644569497,]
Targets2_y = [
21.82510959350918,20.76261680404846,21.443100922034727,21.258352272513324,21.736409930519514,21.66659962917729,21.12329629924867,22.012804826207248,20.895440599350962,]
center2_x = [16.142775676045844]
center2_y = [20.823855042122673]
image_corners2_x = [18.33141143511144,13.86364052853077,14.01177216282475,18.479543069405423,18.33141143511144]
image_corners2_y = [22.268143668873897,22.006938220402173,19.47323071194433,19.73443616041605,22.268143668873897]