Targets2_x = [15.004145173722286,15.096364316612151,14.818412358490349,14.405097529249048,14.411222834672648,14.081142783215943,13.591336801186634,13.61287972014833,13.22973655551465,12.574396037758225,]
Targets2_y = [
20.926168778239088,21.864211758153658,21.504044204175173,21.063561255954546,21.554377662651902,21.26184630133758,21.00063275798568,21.63515424310976,21.657647262878722,20.853142357295088,]
center2_x = [13.435013813307739]
center2_y = [22.121080961146287]
image_corners2_x = [15.643271665636629,11.167903631095452,11.177496228219256,15.652864262760438,15.643271665636629]
image_corners2_y = [23.344618857965337,23.327703911703697,20.789688013098115,20.806602959359758,23.344618857965337]