Targets2_x = [11.771563014385716,12.35252725322959,12.80462795629597,12.605391989362685,13.81809608514116,13.471213079323668,14.309843549711225,13.85156442078538,14.628030996061208,15.220770941805258,14.643445908734455,15.047166143962581,]
Targets2_y = [
21.288194931614143,21.148380193800474,21.1414444325109,21.85851216847841,21.268698872699918,21.928530754471975,21.518992267969185,21.898895339540417,21.315774445006248,21.167845595876777,21.803445628818405,21.745684604332443,]
center2_x = [13.698118603935816]
center2_y = [22.371265182595337]
image_corners2_x = [15.936270127425125,11.461396681673591,11.422464808919248,15.897338254670785,15.936270127425125]
image_corners2_y = [23.58754047088737,23.656190339844198,21.118454926374522,21.049805057417696,23.58754047088737]