Targets2_x = [15.816938964774286,15.533473035277801,15.570724029452357,]
Targets2_y = [
21.18624932229607,21.621302270767476,22.2047837799261,]
center2_x = [17.559056122918935]
center2_y = [22.445797226563208]
image_corners2_x = [17.61986650909718,14.127348000350246,15.714390668277144,19.206909177024077,17.61986650909718]
image_corners2_y = [25.856935532649608,23.05845029487184,21.077815979892485,23.87630121767025,25.856935532649608]