Targets2_x = [11.40548046567215,]
Targets2_y = [
22.327216038048128,]
center1_x = [8.35434234489,13.3878118747]
center1_y = [21.0206033213,21.2379379297]
image_corners1_x = [10.408517903451672,5.970932235722346,6.300166786328505,10.737752454057832,]
image_corners1_y = [22.56917306285595,21.988622805287086,19.472033579731704,20.052583837300567,]
image_corners2_x = [15.632264402949492,11.156928362706928,11.143359346486296,15.61869538672886,]
image_corners2_y = [22.494973457620087,22.51890015622247,19.980902401831603,19.95697570322922,]