Targets2_x = [12.694129872118735,12.32231458748397,11.888715913113082,12.46608704117212,11.745227448900268,11.208656262521176,11.382763525312365,10.351354305373668,10.443446206433638,10.235869090774992,9.873120590367767,]
Targets2_y = [
21.379625802825622,21.35550789834901,21.11132647340249,22.137581726718345,21.546712676714872,21.18246122418547,21.982590902360254,21.12344882071285,21.85643252232702,21.70822951826596,21.666755231830575,]
center2_x = [10.477380400733976]
center2_y = [22.397856148947536]
image_corners2_x = [12.649580626336808,8.174885655644024,8.219934431053701,12.69462940174649,12.649580626336808]
image_corners2_y = [23.653735001711283,23.57429899440555,21.036664795524956,21.116100802830687,23.653735001711283]