Targets2_x = [15.31863104257988,15.720793489551438,]
Targets2_y = [
21.74264091753247,22.169880888910697,]
center2_x = [17.370660979665047]
center2_y = [22.431853914524826]
image_corners2_x = [19.616122317170912,15.140972191003145,15.11415268118363,19.589302807351395,19.616122317170912]
image_corners2_y = [23.69815515660318,23.74544689225159,21.207554571173468,21.160262835525053,23.69815515660318]