Targets2_x = [14.968894920068614,15.336443397837597,]
Targets2_y = [
21.62947801169438,22.086836452511996,]
center2_x = [17.003617872552496]
center2_y = [22.33375024340643]
image_corners2_x = [19.100443362537497,14.635280955554405,14.806853160473926,19.272015567457018,19.100443362537497]
image_corners2_y = [23.914817081050888,23.612278093042796,21.080049884923845,21.382588872931933,23.914817081050888]