Targets2_x = [9.215960928697674,10.049980916911528,9.794803378977171,10.51942630050441,10.955352831886843,10.838829867769569,11.018515194747414,]
Targets2_y = [
21.500371824569875,21.135783861550802,21.716718857141665,21.626002189342813,21.157940240081135,21.67163882427506,21.807703807174768,]
center2_x = [9.92239214794435]
center2_y = [21.42625135934623]
image_corners2_x = [13.241222392870233,8.770521921351454,8.88680314983113,13.357503621349911,13.241222392870233]
image_corners2_y = [23.7105373727658,23.505494806546633,20.970125919106877,21.17516848532604,23.7105373727658]