Targets2_x = [12.328656827889938,13.35563812255829,12.870724603607396,13.332964707177732,14.255629316160986,14.631344410977798,14.390291074420075,]
Targets2_y = [
21.620847583303657,21.927904816464984,21.292576960304356,21.134157171503894,21.708515750293476,21.557485575787478,20.932091974624708,]
center2_x = [14.644383511575779]
center2_y = [21.998304746562027]
image_corners2_x = [17.172642358425456,12.938980191663308,12.116124664726101,16.34978683148825,17.172642358425456]
image_corners2_y = [22.47329177080575,23.924260349971696,21.523317722318303,20.07234914315236,22.47329177080575]