Targets2_x = [11.719300572877044,11.895199549616231,12.224974671148017,12.334327911681626,12.767869301628888,12.956324360828301,13.03300084526313,13.171715126665177,13.502981159374752,13.70909698344453,14.04315744896483,14.03894630339293,14.283138466134767,]
Targets2_y = [
21.298603216719524,21.974436504603904,21.585046395664786,21.164583001765145,21.407471011706274,22.0468653754263,21.063499237367697,21.37945185401463,21.318943329769052,22.069889885997185,22.03166199465303,21.49577168021924,21.12139693134076,]
center2_x = [13.735019237851146]
center2_y = [21.023419808336673]
image_corners2_x = [15.940583157009671,11.468831393691959,11.571290246176023,16.04304200949374,15.940583157009671]
image_corners2_y = [22.413376013659896,22.232706903779665,19.69674182061272,19.87741093049295,22.413376013659896]