Targets2_x = [15.880321528329691,16.25704862310463,]
Targets2_y = [
21.693296302823477,22.143124406614085,]
center2_x = [17.91963378931655]
center2_y = [22.393803366022023]
image_corners2_x = [20.057264080705473,15.586894398885093,15.707196210400888,20.177565892221267,20.057264080705473]
image_corners2_y = [23.8945727753609,23.682440581054717,21.1472592870167,21.35939148132288,23.8945727753609]