Targets_x = [7.83041347455906,];
Targets_y = [
21.77165405216529,];
center_x = [8.0413805089];
center_y = [20.6467877949];
image_corners_x = [10.173389679702717,5.711597964889666,5.9093713380897395,10.37116305290279,10.173389679702717];
image_corners_y = [22.08631631680204,21.737575935392577,19.20725927292771,19.555999654337175,22.08631631680204];
