Targets_x = [7.938343136923816,];
Targets_y = [
20.98412283885845,];
center_x = [7.90228636039];
center_y = [22.0985829784];
image_corners_x = [9.936954757334561,5.506968446292532,5.867617963443893,10.297604274485922,9.936954757334561];
image_corners_y = [23.6726954217616,23.03675010651803,20.52447053503862,21.160415850282188,23.6726954217616];
