
Targets1_x = [7.938343136923816,]
Targets1_y = [20.98412283885845,]
Targets2_x = [7.83041347455906,]
Targets2_y = [
21.77165405216529,]
center1_x = [7.90228636039,8.0413805089]
center1_y = [22.0985829784,20.6467877949]
image_corners1_x = [9.936954757334561,5.506968446292532,5.867617963443893,10.297604274485922,]
image_corners1_y = [23.6726954217616,23.03675010651803,20.52447053503862,21.160415850282188,]
image_corners2_x = [10.173389679702717,5.711597964889666,5.9093713380897395,10.37116305290279,]
image_corners2_y = [22.08631631680204,21.737575935392577,19.20725927292771,19.555999654337175,]