Targets_x = [14.709826097662507,15.889393973371822,14.415291238283155,13.426868737053196,15.245369432981997,12.958556251959108,16.328679412657728,16.6845363944044,15.777708059201176,12.550806902148695,13.982230844200526,14.330091810882077,13.196618315540041,14.54242637477709,15.450888725355796,16.508223510697615,];
Targets_y = [
21.095385091141083,21.056965107447176,21.1441307707086,21.201035925060395,21.156443615720743,21.243366885380734,21.265420210087065,21.273716639357716,21.480052939419256,21.67292745720408,21.693125577119726,21.714409603557336,21.856983360281447,21.850647574916547,21.923618392234317,22.01660295647039,];
center_x = [14.5266452229];
center_y = [22.3506911246];
image_corners_x = [16.808741021678806,12.336263999699938,12.244549424075135,16.717026446054007,16.808741021678806];
image_corners_y = [23.538017631888106,23.699741000239843,21.163364617265064,21.001641248913327,23.538017631888106];
