Targets_x = [13.043544244528725,9.584003694308436,];
Targets_y = [
21.257432832892903,21.456324634153773,];
center_x = [11.1970790228];
center_y = [22.5419455797];
image_corners_x = [13.478354043441861,9.005766366306789,8.915804002079883,13.388391679214957,13.478354043441861];
image_corners_y = [23.730848330092623,23.8894819656794,21.35304282930791,21.19440919372113,23.730848330092623];
