Targets_x = [16.43923363021378,16.921251383107855,18.3600524192289,19.50254241078524,15.81639679425884,18.003088527055052,18.87575480985488,17.503172113254323,18.529289677190498,17.056508645665552,19.321456529305557,18.887071310074617,16.70967248020708,18.043211318046044,17.63778006842236,19.62574477894319,];
Targets_y = [
21.304343854614732,21.28954038041219,21.300292988624438,21.3048515520203,21.457630373838647,21.422361503915518,21.470917948155694,21.585645154095243,21.68583981761146,21.861999774309368,21.92232916694555,21.986860775816197,22.060005485481177,22.094222246511425,22.128501270995507,22.29222061486688,];
center_x = [17.9170651134];
center_y = [22.5158654264];
image_corners_x = [20.182054506037385,15.707730639932391,15.652075720818932,20.126399586923924,20.182054506037385];
image_corners_y = [23.73550821066987,23.833646384706604,21.296222642113985,21.198084468077248,23.73550821066987];
