Targets_x = [8.96960685761212,10.548473378699889,10.288583592379196,9.680212384237823,8.517094097972242,7.350525699213905,10.032654931156813,6.807775131321009,8.192801175246332,7.812373691525818,9.637254125672325,9.01704417428634,6.153228742398992,7.441199096781558,8.190884100570226,8.435056362243778,10.412931568295493,6.262130095591222,9.286036003001453,8.469046474565815,9.786414748225319,8.711023839235326,7.6295215401933,7.066934555568254,6.565616128829062,6.077083047254664,];
Targets_y = [
20.687283779464416,20.945033330857402,20.975024606435674,20.9295628372976,20.820058097778023,20.671707071373095,21.137783279922687,20.711620015519866,20.918413634859817,20.92410327640694,21.192707257478894,21.10730175295345,20.75823770602,21.054720409361963,21.161330681044653,21.21887130410981,21.52455534397285,21.16496624214355,21.59469967438037,21.51341306193993,21.71562140863964,21.587730946508792,21.702208806311763,21.632874072052314,21.584353147685793,21.959849033552075,];
center_x = [8.35434234489];
center_y = [21.0206033213];
image_corners_x = [10.408517903451672,5.970932235722346,6.300166786328505,10.737752454057832,10.408517903451672];
image_corners_y = [22.56917306285595,21.988622805287086,19.472033579731704,20.052583837300567,22.56917306285595];
