Targets_x = [12.655886832039654,14.089923408351597,15.561984720925334,13.434771519062048,11.869899054124689,15.195377178214791,13.211486318505562,11.168692121572361,14.15497901913081,12.835468952144938,12.370418129137324,14.625254899585256,13.83001560320945,13.369850612243152,11.762519879543373,14.313298082814333,15.016449907691618,14.640455156358028,12.948411423376713,13.862904755930664,11.409687846902433,13.482476473096447,12.615395085427336,15.280451032726988,];
Targets_y = [
20.877428362556685,20.882451857163986,20.878811824013336,20.979017104015313,21.02968462659122,21.14303909931905,21.14941555074086,21.215328560143607,21.182442366028052,21.236028213293284,21.285045825097562,21.319521974518732,21.3237735996012,21.495438487840673,21.516722186885694,21.520005310613232,21.698141055190202,21.78898371399994,21.78956973229906,21.93696475172308,21.983921437461575,21.989760059243995,22.007086128558,22.022448635327564,];
center_x = [13.3878118747];
center_y = [20.8988959404];
image_corners_x = [15.632264402949492,11.156928362706928,11.143359346486296,15.61869538672886,15.632264402949492];
image_corners_y = [22.15593146831789,22.179858166920273,19.641860412529404,19.61793371392702,22.15593146831789];
