Targets_x = [13.080989367876466,9.03284778845591,11.710432046395663,12.501317816283013,11.44371981772249,10.885307955115206,9.848954724624653,10.57224418578153,11.917386369070352,13.144062178134881,11.177107061823978,12.847918623948438,9.116931605763838,10.297096717728408,9.852866465532546,12.382383920017812,11.091889254884917,10.774635220874298,11.273667174026812,9.467434207059691,8.782155546319288,12.090037713048405,12.961379056743572,10.059512422605787,];
Targets_y = [
21.055301376891197,21.033621389476444,21.070610133088923,21.185751655775828,21.256419160468305,21.29383312423682,21.284154475173604,21.327305505265038,21.341577283742573,21.37686006926962,21.357627112111523,21.41035234485277,21.473646456079162,21.491954316432913,21.55488289116807,21.604387718785315,21.882054308901083,21.881681285996105,21.979559412463193,21.977435668724187,21.98509004682305,22.005899647459522,22.049224754906607,22.088113376603825,];
center_x = [10.9362774934];
center_y = [21.1162305489];
image_corners_x = [13.172483854985341,8.697086948542218,8.700071131782042,13.175468038225166,13.172483854985341];
image_corners_y = [22.387877739787918,22.382615630008363,19.84458335792342,19.849845467702973,22.387877739787918];
