Targets_x = [14.392860155567263,16.287910781454546,15.826725644336737,14.519623576945293,15.141383305800225,14.76482207061709,15.674209367410468,15.187712213829311,14.252809561511292,16.012472355263036,];
Targets_y = [
20.765066508308603,20.80386578308621,21.087102250090116,21.124670103512496,21.277191260576238,21.50123947225809,21.69617180975108,21.801736147764444,21.957888731029712,22.064316853375473,];
center_x = [16.4739633143];
center_y = [20.9858297835];
image_corners_x = [18.71117513511884,14.235775466045002,14.236751493539233,18.712151162613072,18.71117513511884];
image_corners_y = [22.255707233853908,22.253986172039077,19.715952333244843,19.71767339505967,22.255707233853908];
