
Targets1_x = [10.548473378699889,10.412931568295493,10.288583592379196,10.032654931156813,9.786414748225319,9.680212384237823,9.637254125672325,9.286036003001453,9.01704417428634,8.96960685761212,8.711023839235326,8.517094097972242,8.469046474565815,8.435056362243778,8.190884100570226,8.192801175246332,7.812373691525818,]
Targets1_y = [20.945033330857402,21.52455534397285,20.975024606435674,21.137783279922687,21.71562140863964,20.9295628372976,21.192707257478894,21.59469967438037,21.10730175295345,20.687283779464416,21.587730946508792,20.820058097778023,21.51341306193993,21.21887130410981,21.161330681044653,20.918413634859817,20.92410327640694,]
Targets2_x = [8.782155546319288,9.03284778845591,9.116931605763838,9.467434207059691,9.848954724624653,9.852866465532546,10.059512422605787,10.297096717728408,10.57224418578153,10.774635220874298,10.885307955115206,11.091889254884917,11.177107061823978,11.273667174026812,11.44371981772249,]
Targets2_y = [
21.98509004682305,21.033621389476444,21.473646456079162,21.977435668724187,21.284154475173604,21.55488289116807,22.088113376603825,21.491954316432913,21.327305505265038,21.881681285996105,21.29383312423682,21.882054308901083,21.357627112111523,21.979559412463193,21.256419160468305,]
center1_x = [8.35434234489,10.9362774934]
center1_y = [21.0206033213,21.1162305489]
image_corners1_x = [10.408517903451672,5.970932235722346,6.300166786328505,10.737752454057832,]
image_corners1_y = [22.56917306285595,21.988622805287086,19.472033579731704,20.052583837300567,]
image_corners2_x = [13.172483854985341,8.697086948542218,8.700071131782042,13.175468038225166,]
image_corners2_y = [22.387877739787918,22.382615630008363,19.84458335792342,19.849845467702973,]