
Targets1_x = [8.180910019748312,8.210520416723737,9.022691305192547,8.460093762659465,9.648739698387253,10.037904915778558,8.53200472674264,8.781578072678368,9.352635728633,10.460910586856063,9.868702647347556,]
Targets1_y = [20.9402322437891,21.181345476303278,21.020603321293827,21.20672581656793,21.029063434715376,20.919081960235225,21.494369672900632,21.532440183297606,21.460529219214433,21.24902638367568,21.523980069876057,]
Targets2_x = [13.19789584695747,12.136151612552933,13.405168625785446,12.487246319547262,13.049843862080344,11.226689419736298,11.023646697619096,12.605687907448964,10.676782047335543,]
Targets2_y = [
22.28814217705376,22.148550305598185,21.535192082535804,21.712854464388357,21.526731969114255,22.04279888782881,21.89474690295168,21.294078850021627,21.865136505976256,]
center1_x = [8.35434234489,11.1970790228]
center1_y = [21.0206033213,22.5419455797]
image_corners1_x = [10.592042344890089,6.116642344890089,6.116642344890089,10.592042344890089,]
image_corners1_y = [22.28962033452634,22.28962033452634,19.751586308061313,19.751586308061313,]
image_corners2_x = [13.434779022760873,8.959379022760873,8.959379022760873,13.434779022760873,]
image_corners2_y = [23.81096259293278,23.81096259293278,21.27292856646775,21.27292856646775,]