
Targets1_x = [12.961379056743572,12.090037713048405,11.273667174026812,10.059512422605787,11.091889254884917,12.382383920017812,10.774635220874298,13.144062178134881,12.847918623948438,9.467434207059691,11.917386369070352,12.501317816283013,13.080989367876466,11.177107061823978,10.297096717728408,9.852866465532546,11.44371981772249,10.885307955115206,10.57224418578153,11.710432046395663,9.116931605763838,9.848954724624653,9.03284778845591,]
Targets1_y = [22.049224754906607,22.005899647459522,21.979559412463193,22.088113376603825,21.882054308901083,21.604387718785315,21.881681285996105,21.37686006926962,21.41035234485277,21.977435668724187,21.341577283742573,21.185751655775828,21.055301376891197,21.357627112111523,21.491954316432913,21.55488289116807,21.256419160468305,21.29383312423682,21.327305505265038,21.070610133088923,21.473646456079162,21.284154475173604,21.033621389476444,]
Targets2_x = [9.584003694308436,13.043544244528725,]
Targets2_y = [
21.456324634153773,21.257432832892903,]
center1_x = [10.9362774934,11.1970790228]
center1_y = [21.1162305489,22.5419455797]
image_corners1_x = [13.172483854985341,8.697086948542218,8.700071131782042,13.175468038225166,]
image_corners1_y = [22.387877739787918,22.382615630008363,19.84458335792342,19.849845467702973,]
image_corners2_x = [13.478354043441861,9.005766366306789,8.915804002079883,13.388391679214957,]
image_corners2_y = [23.730848330092623,23.8894819656794,21.35304282930791,21.19440919372113,]