
Targets1_x = [16.012472355263036,15.674209367410468,16.287910781454546,15.187712213829311,15.826725644336737,15.141383305800225,]
Targets1_y = [22.064316853375473,21.69617180975108,20.80386578308621,21.801736147764444,21.087102250090116,21.277191260576238,]
Targets2_x = [15.81639679425884,16.43923363021378,16.921251383107855,16.70967248020708,17.056508645665552,17.503172113254323,18.003088527055052,18.3600524192289,17.63778006842236,18.043211318046044,18.529289677190498,18.87575480985488,19.50254241078524,18.887071310074617,]
Targets2_y = [
21.457630373838647,21.304343854614732,21.28954038041219,22.060005485481177,21.861999774309368,21.585645154095243,21.422361503915518,21.300292988624438,22.128501270995507,22.094222246511425,21.68583981761146,21.470917948155694,21.3048515520203,21.986860775816197,]
center1_x = [16.4739633143,17.9170651134]
center1_y = [20.9858297835,22.5158654264]
image_corners1_x = [18.71117513511884,14.235775466045002,14.236751493539233,18.712151162613072,]
image_corners1_y = [22.255707233853908,22.253986172039077,19.715952333244843,19.71767339505967,]
image_corners2_x = [20.182054506037385,15.707730639932391,15.652075720818932,20.126399586923924,]
image_corners2_y = [23.73550821066987,23.833646384706604,21.296222642113985,21.198084468077248,]