
Targets1_x = [11.70614781474475,11.439654241965922,11.917650650283502,12.50139847637046,13.076686189035865,12.382956888468758,12.848263126654013,13.148597153119042,12.086852918714504,12.966704714555714,]
Targets1_y = [21.069699925037142,21.255822420311244,21.33619349781597,21.18391145622807,21.052779698194044,21.606917127305575,21.408104461899146,21.370033951502172,22.00454245811843,22.042612968515403,]
Targets2_x = [16.239818190740863,15.94371422098661,15.512248436487557,14.662007037621771,]
Targets2_y = [
22.168798686013258,21.788093582043505,21.84308431928358,21.931915510209855,]
center1_x = [10.9362774934,14.5266452229]
center1_y = [21.1162305489,22.3506911246]
image_corners1_x = [13.173977493383692,8.698577493383691,8.698577493383691,13.173977493383692,]
image_corners1_y = [22.385247562088182,22.385247562088182,19.847213535623155,19.847213535623155,]
image_corners2_x = [16.76434522287697,12.28894522287697,12.28894522287697,16.76434522287697,]
image_corners2_y = [23.6197081378091,23.6197081378091,21.08167411134407,21.08167411134407,]