
Targets1_x = [15.280451032726988,15.016449907691618,14.640455156358028,15.561984720925334,15.195377178214791,13.862904755930664,14.625254899585256,14.313298082814333,13.482476473096447,14.15497901913081,13.83001560320945,13.369850612243152,12.948411423376713,14.089923408351597,12.615395085427336,13.434771519062048,13.211486318505562,12.835468952144938,12.370418129137324,12.655886832039654,11.762519879543373,11.869899054124689,]
Targets1_y = [22.022448635327564,21.698141055190202,21.78898371399994,20.878811824013336,21.14303909931905,21.93696475172308,21.319521974518732,21.520005310613232,21.989760059243995,21.182442366028052,21.3237735996012,21.495438487840673,21.78956973229906,20.882451857163986,22.007086128558,20.979017104015313,21.14941555074086,21.236028213293284,21.285045825097562,20.877428362556685,21.516722186885694,21.02968462659122,]
Targets2_x = [12.958556251959108,12.550806902148695,13.426868737053196,13.196618315540041,14.415291238283155,14.709826097662507,13.982230844200526,14.330091810882077,15.245369432981997,14.54242637477709,15.889393973371822,15.777708059201176,15.450888725355796,]
Targets2_y = [
21.243366885380734,21.67292745720408,21.201035925060395,21.856983360281447,21.1441307707086,21.095385091141083,21.693125577119726,21.714409603557336,21.156443615720743,21.850647574916547,21.056965107447176,21.480052939419256,21.923618392234317,]
center1_x = [13.3878118747,14.5266452229]
center1_y = [20.8988959404,22.3506911246]
image_corners1_x = [15.632264402949492,11.156928362706928,11.143359346486296,15.61869538672886,]
image_corners1_y = [22.15593146831789,22.179858166920273,19.641860412529404,19.61793371392702,]
image_corners2_x = [16.808741021678806,12.336263999699938,12.244549424075135,16.717026446054007,]
image_corners2_y = [23.538017631888106,23.699741000239843,21.163364617265064,21.001641248913327,]