
Targets1_x = [16.6845363944044,16.508223510697615,16.328679412657728,15.777708059201176,15.450888725355796,]
Targets1_y = [21.273716639357716,22.01660295647039,21.265420210087065,21.480052939419256,21.923618392234317,]
Targets2_x = [15.81639679425884,16.43923363021378,16.70967248020708,16.921251383107855,17.056508645665552,17.503172113254323,17.63778006842236,]
Targets2_y = [
21.457630373838647,21.304343854614732,22.060005485481177,21.28954038041219,21.861999774309368,21.585645154095243,22.128501270995507,]
center1_x = [14.5266452229,17.9170651134]
center1_y = [22.3506911246,22.5158654264]
image_corners1_x = [16.808741021678806,12.336263999699938,12.244549424075135,16.717026446054007,]
image_corners1_y = [23.538017631888106,23.699741000239843,21.163364617265064,21.001641248913327,]
image_corners2_x = [20.182054506037385,15.707730639932391,15.652075720818932,20.126399586923924,]
image_corners2_y = [23.73550821066987,23.833646384706604,21.296222642113985,21.198084468077248,]