
Targets1_x = [13.144062178134881,13.080989367876466,12.961379056743572,12.847918623948438,12.501317816283013,12.382383920017812,12.090037713048405,11.917386369070352,11.710432046395663,11.44371981772249,11.273667174026812,11.177107061823978,11.091889254884917,10.885307955115206,10.774635220874298,10.57224418578153,10.297096717728408,]
Targets1_y = [21.37686006926962,21.055301376891197,22.049224754906607,21.41035234485277,21.185751655775828,21.604387718785315,22.005899647459522,21.341577283742573,21.070610133088923,21.256419160468305,21.979559412463193,21.357627112111523,21.882054308901083,21.29383312423682,21.881681285996105,21.327305505265038,21.491954316432913,]
Targets2_x = [11.168692121572361,11.409687846902433,11.762519879543373,11.869899054124689,12.370418129137324,12.615395085427336,12.655886832039654,12.835468952144938,12.948411423376713,13.211486318505562,13.369850612243152,13.482476473096447,13.434771519062048,13.862904755930664,13.83001560320945,14.089923408351597,]
Targets2_y = [
21.215328560143607,21.983921437461575,21.516722186885694,21.02968462659122,21.285045825097562,22.007086128558,20.877428362556685,21.236028213293284,21.78956973229906,21.14941555074086,21.495438487840673,21.989760059243995,20.979017104015313,21.93696475172308,21.3237735996012,20.882451857163986,]
center1_x = [10.9362774934,13.3878118747]
center1_y = [21.1162305489,20.8988959404]
image_corners1_x = [13.172483854985341,8.697086948542218,8.700071131782042,13.175468038225166,]
image_corners1_y = [22.387877739787918,22.382615630008363,19.84458335792342,19.849845467702973,]
image_corners2_x = [15.632264402949492,11.156928362706928,11.143359346486296,15.61869538672886,]
image_corners2_y = [22.15593146831789,22.179858166920273,19.641860412529404,19.61793371392702,]