
Targets1_x = [15.561984720925334,15.280451032726988,15.195377178214791,15.016449907691618,14.640455156358028,14.625254899585256,14.313298082814333,14.15497901913081,14.089923408351597,13.862904755930664,13.83001560320945,13.482476473096447,13.434771519062048,13.369850612243152,]
Targets1_y = [20.878811824013336,22.022448635327564,21.14303909931905,21.698141055190202,21.78898371399994,21.319521974518732,21.520005310613232,21.182442366028052,20.882451857163986,21.93696475172308,21.3237735996012,21.989760059243995,20.979017104015313,21.495438487840673,]
Targets2_x = [14.252809561511292,14.392860155567263,14.519623576945293,14.76482207061709,15.141383305800225,15.187712213829311,15.674209367410468,15.826725644336737,16.012472355263036,16.287910781454546,]
Targets2_y = [
21.957888731029712,20.765066508308603,21.124670103512496,21.50123947225809,21.277191260576238,21.801736147764444,21.69617180975108,21.087102250090116,22.064316853375473,20.80386578308621,]
center1_x = [13.3878118747,16.4739633143]
center1_y = [20.8988959404,20.9858297835]
image_corners1_x = [15.632264402949492,11.156928362706928,11.143359346486296,15.61869538672886,]
image_corners1_y = [22.15593146831789,22.179858166920273,19.641860412529404,19.61793371392702,]
image_corners2_x = [18.71117513511884,14.235775466045002,14.236751493539233,18.712151162613072,]
image_corners2_y = [22.255707233853908,22.253986172039077,19.715952333244843,19.71767339505967,]