
Targets1_x = [15.280451032726988,15.016449907691618,15.195377178214791,]
Targets1_y = [22.022448635327564,21.698141055190202,21.14303909931905,]
Targets2_x = [15.81639679425884,16.43923363021378,]
Targets2_y = [
21.457630373838647,21.304343854614732,]
center1_x = [13.3878118747,17.9170651134]
center1_y = [20.8988959404,22.5158654264]
image_corners1_x = [15.632264402949492,11.156928362706928,11.143359346486296,15.61869538672886,]
image_corners1_y = [22.15593146831789,22.179858166920273,19.641860412529404,19.61793371392702,]
image_corners2_x = [20.182054506037385,15.707730639932391,15.652075720818932,20.126399586923924,]
image_corners2_y = [23.73550821066987,23.833646384706604,21.296222642113985,21.198084468077248,]