
Targets1_x = [12.961379056743572,13.144062178134881,13.080989367876466,12.847918623948438,12.382383920017812,12.501317816283013,12.090037713048405,11.917386369070352,11.710432046395663,11.44371981772249,]
Targets1_y = [22.049224754906607,21.37686006926962,21.055301376891197,21.41035234485277,21.604387718785315,21.185751655775828,22.005899647459522,21.341577283742573,21.070610133088923,21.256419160468305,]
Targets2_x = [12.550806902148695,12.958556251959108,13.196618315540041,13.426868737053196,13.982230844200526,]
Targets2_y = [
21.67292745720408,21.243366885380734,21.856983360281447,21.201035925060395,21.693125577119726,]
center1_x = [10.9362774934,14.5266452229]
center1_y = [21.1162305489,22.3506911246]
image_corners1_x = [13.172483854985341,8.697086948542218,8.700071131782042,13.175468038225166,]
image_corners1_y = [22.387877739787918,22.382615630008363,19.84458335792342,19.849845467702973,]
image_corners2_x = [16.808741021678806,12.336263999699938,12.244549424075135,16.717026446054007,]
image_corners2_y = [23.538017631888106,23.699741000239843,21.163364617265064,21.001641248913327,]