
Targets1_x = [10.412931568295493,10.548473378699889,10.288583592379196,9.786414748225319,10.032654931156813,9.637254125672325,9.680212384237823,9.286036003001453,9.01704417428634,8.711023839235326,8.469046474565815,8.435056362243778,8.190884100570226,8.192801175246332,]
Targets1_y = [21.52455534397285,20.945033330857402,20.975024606435674,21.71562140863964,21.137783279922687,21.192707257478894,20.9295628372976,21.59469967438037,21.10730175295345,21.587730946508792,21.51341306193993,21.21887130410981,21.161330681044653,20.918413634859817,]
Targets2_x = [9.584003694308436,]
Targets2_y = [
21.456324634153773,]
center1_x = [8.35434234489,11.1970790228]
center1_y = [21.0206033213,22.5419455797]
image_corners1_x = [10.408517903451672,5.970932235722346,6.300166786328505,10.737752454057832,]
image_corners1_y = [22.56917306285595,21.988622805287086,19.472033579731704,20.052583837300567,]
image_corners2_x = [13.478354043441861,9.005766366306789,8.915804002079883,13.388391679214957,]
image_corners2_y = [23.730848330092623,23.8894819656794,21.35304282930791,21.19440919372113,]