
Targets1_x = [13.043544244528725,]
Targets1_y = [21.257432832892903,]
Targets2_x = [12.550806902148695,12.958556251959108,13.196618315540041,13.426868737053196,13.982230844200526,14.330091810882077,]
Targets2_y = [
21.67292745720408,21.243366885380734,21.856983360281447,21.201035925060395,21.693125577119726,21.714409603557336,]
center1_x = [11.1970790228,14.5266452229]
center1_y = [22.5419455797,22.3506911246]
image_corners1_x = [13.478354043441861,9.005766366306789,8.915804002079883,13.388391679214957,]
image_corners1_y = [23.730848330092623,23.8894819656794,21.35304282930791,21.19440919372113,]
image_corners2_x = [16.808741021678806,12.336263999699938,12.244549424075135,16.717026446054007,]
image_corners2_y = [23.538017631888106,23.699741000239843,21.163364617265064,21.001641248913327,]