
Targets1_x = [14.252809561511292,14.76482207061709,14.519623576945293,14.392860155567263,15.187712213829311,15.141383305800225,15.674209367410468,16.012472355263036,15.826725644336737,16.287910781454546,]
Targets1_y = [21.957888731029712,21.50123947225809,21.124670103512496,20.765066508308603,21.801736147764444,21.277191260576238,21.69617180975108,22.064316853375473,21.087102250090116,20.80386578308621,]
Targets2_x = [16.6845363944044,16.328679412657728,15.889393973371822,16.508223510697615,15.777708059201176,15.245369432981997,15.450888725355796,14.709826097662507,14.415291238283155,14.54242637477709,14.330091810882077,13.982230844200526,]
Targets2_y = [
21.273716639357716,21.265420210087065,21.056965107447176,22.01660295647039,21.480052939419256,21.156443615720743,21.923618392234317,21.095385091141083,21.1441307707086,21.850647574916547,21.714409603557336,21.693125577119726,]
center1_x = [16.4739633143,14.5266452229]
center1_y = [20.9858297835,22.3506911246]
image_corners1_x = [18.71117513511884,14.235775466045002,14.236751493539233,18.712151162613072,]
image_corners1_y = [22.255707233853908,22.253986172039077,19.715952333244843,19.71767339505967,]
image_corners2_x = [16.808741021678806,12.336263999699938,12.244549424075135,16.717026446054007,]
image_corners2_y = [23.538017631888106,23.699741000239843,21.163364617265064,21.001641248913327,]