Targets2_x = [15.141383305800224,15.826725644336735,16.36048348006311,16.150965802446162,16.528956480008606,17.01504887148146,17.563829859642873,17.9555077890534,17.18184231092325,17.630085022742726,18.155581270463443,18.53261219916662,19.221918917049397,18.56188453937405,]
Targets2_y = [
21.277191260576238,21.087102250090116,21.055065216610497,21.91586039552941,21.68515701211772,21.36437969771765,21.167196293489024,21.020328473480518,21.96168215628989,21.91054303772337,21.442156430463076,21.19271628308853,20.98833476241546,21.764187583955415,]
center2_x = [15.484054475068481]
center2_y = [21.18214675533318]
image_corners2_x = [19.605414839798698,15.135874525313303,15.006039621543497,19.475579936028893,19.605414839798698]
image_corners2_y = [23.417099683031527,23.646041896678952,21.111330943284592,20.882388729637164,23.417099683031527]