Targets2_x = [12.344984913859916,11.925795854438421,12.805761370789574,12.550102146184964,13.776791334828996,14.067600650717864,13.327328659311274,13.667174920395995,14.589508249773239,13.868967818431644,15.225060765525825,15.09624091700894,14.755702261403137,]
Targets2_y = [
21.253517608065692,21.65569506818736,21.23351021155641,21.86562990843178,21.223064866659257,21.188806758797245,21.74109954185316,21.77789848517014,21.273178527408295,21.921112849988766,21.205234448163807,21.61464140348104,22.034250104295833,]
center2_x = [13.862094240410237]
center2_y = [22.462514300402052]
image_corners2_x = [16.04042314555828,11.565274937075856,11.592197162007421,16.067345370489846,16.04042314555828]
image_corners2_y = [23.721436592211827,23.6739637355825,21.136072502038598,21.183545358667924,23.721436592211827]