Targets2_x = [11.729901824836553,11.916162396996608,12.238317172739322,12.347070495375894,12.77555691127943,12.966734650788627,13.03712514164325,13.182570810323043,13.263856969237299,13.513121427934491,13.640457257819365,13.723306588652779,13.71310255800318,14.0566529260088,14.047020194997138,14.287347901410214,]
Targets2_y = [
21.308239895931028,21.98588345671218,21.58947679569141,21.16814933251369,21.406351250004683,22.043527896669353,21.05980355856787,21.3780547458302,21.864211649595962,21.31421283620588,21.620838865259095,22.05535031724758,21.172572124821908,22.02113174949021,21.48545084155175,21.108721532562573,]
center2_x = [13.74770511909889]
center2_y = [21.019177105976798]
image_corners2_x = [15.962449058739427,11.489097638688479,11.565882086190747,16.039233506241693,15.962449058739427]
image_corners2_y = [22.380016193820104,22.244619618057776,19.707747357159313,19.843143932921645,22.380016193820104]