Targets2_x = [8.508088596366107,8.824678456821788,8.868814748127349,9.161541896393299,9.58166158240541,9.56325989244844,9.716536244624372,9.99159737821388,10.267173083543472,10.414667676492105,10.568147779338997,10.716867829494706,10.840914648539592,10.88206810082144,11.103174411560653,]
Targets2_y = [
21.449069889637954,20.563148032106557,20.989208606352555,21.497789751758635,20.868522379897062,21.126750328563407,21.65162033937631,21.103111198895466,20.968748629435236,21.5134148323442,20.962449819486494,21.539701190153185,21.047073299271286,21.64744674888447,20.97244979087,]
center2_x = [10.608877885918204]
center2_y = [20.763495004111657]
image_corners2_x = [12.76037542426899,8.301810590328405,8.521746631887497,12.980311465828084,12.76037542426899]
image_corners2_y = [22.239488284740357,21.851667731457827,19.32318105814559,19.71100161142812,22.239488284740357]