Targets2_x = [10.572423406493195,10.388981540502185,]
Targets2_y = [
20.842632689464622,21.62695598536563,]
center2_x = [12.579324363978188]
center2_y = [20.53406527903618]
image_corners2_x = [13.937049799064022,10.071699746960348,11.350936219891743,15.216286271995415,13.937049799064022]
image_corners2_y = [23.92281134992573,21.66709103599004,19.47502106315242,21.73074137708811,23.92281134992573]