Targets2_x = [12.375647923674746,12.95542408862897,13.178537850304084,13.400501887701362,13.505317112717236,]
Targets2_y = [
21.594396102236033,21.474706626441815,22.181065378329563,21.477836295116777,22.010521876611822,]
center2_x = [14.418753027826847]
center2_y = [22.658234230558314]
image_corners2_x = [16.585272674470676,12.110431517260148,12.150539219047108,16.62538037625764,16.585272674470676]
image_corners2_y = [24.025593612680183,23.954870365195845,21.41715326280803,21.487876510292363,24.025593612680183]