Targets2_x = [16.370961781109262,16.04840792014895,15.67036808039251,16.135268456100377,15.52589211805711,15.07498466280628,15.183826513694038,14.594494610508812,14.321874822139021,14.365644225385509,14.186517485479973,13.872549558740728,]
Targets2_y = [
21.312368201732934,21.26868018840287,21.034616702786426,21.969580270688848,21.407766365248882,21.059600280711628,21.777672231439745,20.949710247659876,20.964090280485916,21.619074970307608,21.473695086661227,21.41901641586299,]
center2_x = [14.368041851223776]
center2_y = [22.19347062641043]
image_corners2_x = [16.399200813745132,11.936439446692583,12.127046834159064,16.589808201211618,16.399200813745132]
image_corners2_y = [23.584113124438712,23.248008764539488,20.71714220477434,21.053246564673568,23.584113124438712]