Targets2_x = [9.208085020244658,9.455564824624332,9.875805108070882,9.887589608915416,10.562775453301768,10.895597656315484,11.13522542033438,10.795753822424764,11.063542334079289,]
Targets2_y = [
21.53442167934451,21.005249386604056,21.502920777532843,20.819251944657765,21.111255862857405,21.01991047418351,21.08804223151279,20.45781830717404,20.323396114472363,]
center2_x = [11.278766701895446]
center2_y = [21.562525752310453]
image_corners2_x = [13.817215731679518,9.617801886156842,8.740317672111374,12.93973151763405,13.817215731679518]
image_corners2_y = [21.97963723987927,23.526934403979446,21.145414264741635,19.59811710064146,21.97963723987927]