Targets2_x = [15.623787136490268,15.674207740697977,16.016702411661026,]
Targets2_y = [
21.259450816734315,21.70040186614907,22.064318480087962,]
center2_x = [15.845455076179501]
center2_y = [21.882360173118514]
image_corners2_x = [19.953047936030256,15.47820692411544,15.438094009114058,19.912935021028872,19.953047936030256]
image_corners2_y = [23.602739632979738,23.673472073098843,21.13575505310935,21.065022612990244,23.602739632979738]