Targets2_x = [12.695829387867727,12.328512584952373,11.887533396053472,12.466908602866122,11.74550676509036,11.215576016076199,11.379817066851608,10.665837928228626,10.358324183690302,10.44535286193084,10.234428527360631,9.87619289524934,]
Targets2_y = [
21.392339453480453,21.36140701219222,21.118335540508653,22.149160530271462,21.548651295327566,21.180702514737966,21.98661837442534,21.083942795470453,21.115825522360367,21.854116690092454,21.699951937123465,21.656096979404396,]
center2_x = [10.481716161718316]
center2_y = [22.401976916882234]
image_corners2_x = [12.63953490495808,8.165484603882307,8.227812463598713,12.70186276467449,12.63953490495808]
image_corners2_y = [23.666176508843357,23.556271716210095,21.019003114465804,21.128907907099066,23.666176508843357]