Targets2_x = [9.249781362450335,9.629332104043847,10.034674442907294,9.79231725810331,10.478590513573314,10.88799228351557,10.776102177593389,11.144423517122185,10.949346529272272,]
Targets2_y = [
21.510602223345654,21.169082263885258,21.16445755647478,21.712572125681195,21.625021354540927,21.182574798053885,21.666900477850554,21.160653868622674,21.79838241450206,]
center2_x = [11.150771658201124]
center2_y = [22.26652011080548]
image_corners2_x = [13.256794265811063,8.785453131592497,8.89352194019487,13.364863074413437,13.256794265811063]
image_corners2_y = [23.73072420208863,23.540162869586446,21.0044306573642,21.19499198986638,23.73072420208863]