Targets2_x = [14.256197084311282,10.795219685480696,]
Targets2_y = [
22.113606102784463,21.941518299581674,]
center2_x = [12.409013438238281]
center2_y = [23.212629047359993]
image_corners2_x = [10.627320438440545,15.091235736677437,14.909526262614955,10.445610964378062,10.627320438440545]
image_corners2_y = [19.435794127638164,19.756208500235005,22.287729463318303,21.967315090721467,19.435794127638164]