Targets2_x = [15.704559252703595,16.284252594957657,16.507854272925986,16.729332449876107,16.83451564183052,17.255927594488213,17.361523779642187,]
Targets2_y = [
21.402327689609972,21.282237719124335,21.988442170134796,21.285059916656046,21.817672962176076,21.57805327997158,22.083340483463285,]
center2_x = [17.734159054838504]
center2_y = [22.483148788194285]
image_corners2_x = [19.91586252843406,15.44097358169302,15.479328158195393,19.954217104936436,19.91586252843406]
image_corners2_y = [23.83061651039003,23.762984607157513,21.225240402956548,21.29287230618906,23.83061651039003]