Targets2_x = [13.712152452854921,13.900178993579084,13.994590285805359,14.194005913231733,14.542500564143497,14.55630801379809,14.996862672647024,15.165300919301814,15.279934557089156,15.592577455476148,]
Targets2_y = [
21.825647549495073,20.766470682555177,21.09468081471173,21.444296292777633,21.263791557659,21.73524750663032,21.666472069636587,21.1299083266831,22.013454830257558,20.900936401719296,]
center2_x = [15.777531364599971]
center2_y = [21.01550134091876]
image_corners2_x = [17.955034202905445,13.487474143163366,13.637637028624642,18.105197088366722,17.955034202905445]
image_corners2_y = [22.440633592555724,22.175846371192335,19.64225843561082,19.907045656974205,22.440633592555724]