Targets2_x = [12.302490270532354,12.678991614128549,12.961379056743572,13.144062178134881,13.73483260958445,]
Targets2_y = [
21.91198492645153,21.453073111621034,22.04922475490661,21.376860069269622,21.82856371300686,]
center2_x = [13.052720617439228]
center2_y = [21.713042412088114]
image_corners2_x = [16.685680625713644,12.236563114613757,11.961905780404786,16.411023291504677,16.685680625713644]
image_corners2_y = [23.46424376022788,23.948556192883032,21.425427169574974,20.94111473691982,23.46424376022788]