Targets2_x = [15.350919989720838,14.945980950697765,]
Targets2_y = [
22.10901499717325,21.611574693344522,]
center2_x = [16.93770037140115]
center2_y = [22.99517315742412]
image_corners2_x = [15.542819840617975,17.54513983881362,15.275297193110676,13.272977194915034,15.542819840617975]
image_corners2_y = [17.18856083691893,21.191050035508457,22.326581225411463,18.32409202682194,17.18856083691893]