Targets2_x = [11.189304255481055,12.020429207119587,12.384644620684778,12.30962614937786,12.93794265755495,12.856166510794901,13.34464648779571,13.369763388870838,]
Targets2_y = [
21.005667288099445,21.691984037330236,21.532633684060894,20.94983489983404,21.85007305104155,21.300716868523768,21.85942555163084,21.186545973438744,]
center2_x = [13.178203210231045]
center2_y = [22.2670524556637]
image_corners2_x = [15.31448526448641,10.851675857228576,11.041921155975679,15.504730563233514,15.31448526448641]
image_corners2_y = [23.70023229592801,23.364766419137286,20.833872615399386,21.16933849219011,23.70023229592801]