Targets_x = [18.920472854047723,18.753779394995387,18.759199067125955,18.707654349107575,18.444435682687892,18.424493053466882,18.360415887000208,18.25590822059073,18.19584030815754,18.058563465771318,18.063708264087435,17.97619741909842,17.966912689033748,17.96021898262984,17.76360872669166,17.72476318386149,17.717871207820934,17.64888806782774,17.650794160016442,17.655600998724637,17.532172394193573,17.404112689950438,17.400337754578445,17.325296272244245,17.21831474150475,17.21053505822738,17.14251172352069,17.099017056466028,17.050085892748946,17.002194444643706,16.902471086301894,16.80382349259677,16.74101705425589,16.680877043773013,];
Targets_y = [
15.72172594855916,17.33743095623738,16.22070112434971,16.956676500868294,17.853168634786897,16.71949154888793,17.307401506148892,16.139793863202485,16.93498098781418,18.73260987374777,17.873913354810718,16.634412813095413,17.408503739691042,15.750313437653832,17.65363059556059,18.38115938184216,16.90909146947424,18.131505067206977,16.342192093795333,15.800749648158215,16.511268094635003,17.59825686863295,17.171016877127595,16.138802515019233,17.293494688628364,16.654747475461612,16.976159505022526,18.097078836067908,16.379622712400316,17.657049546812235,15.969149729782037,17.242292436346016,16.63732707799922,17.50019507158157,];
center_x = [17.894528622301333];
center_y = [17.85258283813316];
image_corners_x = [16.623128587333685,16.62789607086949,19.16592865726898,19.161161173733174,16.623128587333685];
image_corners_y = [20.088929730043677,15.613532269359238,15.616235946222643,20.091633406907082,20.088929730043677];
