Targets_x = [17.845577531313253,17.678884072260917,17.684303744391485,17.632759026373105,17.369540359953422,17.349597730732413,17.285520564265738,17.18101289785626,17.12094498542307,16.983668143036848,16.988812941352965,16.90130209636395,16.892017366299278,16.88532365989537,16.68871340395719,16.64986786112702,16.642975885086464,16.57399274509327,16.575898837281972,16.580705675990167,16.457277071459103,16.329217367215968,16.325442431843975,16.250400949509775,16.14341941877028,16.13563973549291,16.06761640078622,16.02412173373156,15.975190570014476,15.927299121909236,15.827575763567424,15.7289281698623,15.666121731521422,15.605981721038543,];
Targets_y = [
16.61737448011427,18.233079487792494,17.116349655904823,17.85232503242341,18.74881716634201,17.615140080443044,18.203050037704006,17.0354423947576,17.830629519369293,19.628258405302883,18.769561886365832,17.530061344650527,18.304152271246156,16.645961969208944,18.549279127115703,19.276807913397274,17.804740001029355,19.02715359876209,17.237840625350447,16.696398179713327,17.406916626190117,18.493905400188066,18.06666540868271,17.034451046574347,18.189143220183478,17.550396007016726,17.87180803657764,18.992727367623022,17.27527124395543,18.55269807836735,16.86479826133715,18.13794096790113,17.532975609554335,18.395843603136683,];
center_x = [16.819633299566863];
center_y = [18.748231369688273];
image_corners_x = [15.548233264599215,15.55300074813502,18.09103333453451,18.086265850998704,15.548233264599215];
image_corners_y = [20.98457826159879,16.50918080091435,16.511884477777755,20.987281938462196,20.98457826159879];
