Targets_x = [18.151854529370357,17.98516107031802,17.99058074244859,17.93903602443021,17.675817358010526,17.655874728789517,17.591797562322842,17.487289895913364,17.427221983480173,17.289945141093952,17.29508993941007,17.207579094421053,17.198294364356382,17.191600657952474,16.994990402014295,16.956144859184125,16.94925288314357,16.880269743150375,16.882175835339076,16.88698267404727,16.763554069516207,16.635494365273072,16.63171942990108,16.55667794756688,16.449696416827383,16.441916733550013,16.373893398843325,16.330398731788662,16.28146756807158,16.23357611996634,16.133852761624528,16.035205167919404,15.972398729578527,15.912258719095648,];
Targets_y = [
15.964169202646522,17.579874210324743,16.46314437843707,17.199119754955657,18.09561188887426,16.961934802975293,17.549844760236255,16.382237117289847,17.17742424190154,18.97505312783513,18.11635660889808,16.876856067182775,17.650946993778405,15.992756691741194,17.89607384964795,18.623602635929522,17.151534723561603,18.37394832129434,16.584635347882696,16.043192902245575,16.753711348722366,17.840700122720314,17.413460131214958,16.381245769106595,17.535937942715726,16.897190729548974,17.21860275910989,18.33952209015527,16.62206596648768,17.899492800899598,16.211592983869398,17.48473569043338,16.879770332086583,17.74263832566893,];
center_x = [17.125910297623967];
center_y = [18.09502609222052];
image_corners_x = [15.854510262656321,15.859277746192125,18.397310332591616,18.392542849055808,15.854510262656321];
image_corners_y = [20.33137298413104,15.8559755234466,15.858679200310005,20.334076660994445,20.33137298413104];
