Targets_x = [19.99740219626465,19.525629638168066,19.301423494678325,19.288789337539537,19.186132105075757,18.99678090777343,18.878501113025916,18.90782374220843,18.65481303512967,18.55458191141985,18.60757530142596,18.449631699656607,18.48108440011108,18.606303126964985,18.418874862109625,18.44148058729725,18.197642234478334,18.165938164401368,18.274365505392055,18.070308325638972,18.071388687623458,18.079851163813313,18.044197003836913,17.983037612184937,17.77874395209586,17.80272563968796,17.77995744353484,17.842537465450796,17.703486416367625,17.675288817029102,17.519875111957205,17.565278811870943,17.43457156174763,17.58485190111612,17.439306413211558,17.41010246125905,17.288553113171083,17.323852552643498,17.18203468946487,17.204241026289,17.222896661577188,17.100474090329737,17.23073772129206,16.963997605803527,16.99632309235549,16.911063772943415,16.967311827003474,17.050204157745586,16.95523996625568,16.82380794877588,16.783168441837063,16.67176758498793,16.734184698876383,16.632917881041582,16.76966149860079,16.610105454090967,16.592826218269256,16.502004366217278,16.438537105979343,16.52585292435488,16.461423979362458,16.25427504358293,16.264290842429265,16.162329472872976,];
Targets_y = [
15.243458927574617,15.51518395296356,15.348556721016854,15.084420948658284,15.72543909699403,16.12605135387881,16.434791612362133,15.019725744756867,15.525539583027383,16.557183967974577,15.059152197318705,16.85851233367952,16.25842972976459,14.706813368262614,15.977561691626798,15.487104156731025,16.14219154469404,16.377286273127595,14.718219581737921,16.61570967498559,15.550600758479959,15.025051359998773,15.361678728114128,15.75141728934159,17.0208045395878,16.250366641938225,16.00663207706281,14.547568250521284,15.376620753838877,14.937232802378247,16.49489998354062,15.721947078480085,16.920884342646474,14.74320674782,14.969114232707211,15.488745940982497,15.890586141530756,14.611804508913204,16.263932705258494,15.620665808420782,15.231740913206805,16.643537227471622,14.871649923092846,16.441551873030512,16.04099873622973,16.88712377360604,15.559107028405315,14.479381465167926,14.972487136929155,15.759716420441949,15.26415486135376,16.59196446772949,15.60819412224749,16.91560252114006,14.800489621881038,16.251727277994195,15.151186229623654,15.7507214264341,16.063885172550847,14.929347074803877,15.412185578096278,16.664367164829272,16.329914535845383,15.489899438213474,];
center_x = [17.324754243189975];
center_y = [16.70407520264861];
image_corners_x = [15.879847680808703,16.23985152051368,18.769660805571245,18.40965696586627,15.879847680808703];
image_corners_y = [18.83244323845941,14.37154619914123,14.575707166837814,19.03660420615599,18.83244323845941];
