Targets_x = [15.937525846723965,15.761696775494563,15.584793718624208,15.428231506405462,15.265309215275678,14.827061966949172,14.70201626391631,14.416424216215745,13.880811169227067,];
Targets_y = [
16.19321086793944,16.524135908085366,15.899059376374503,16.652889701405847,16.260392301241264,15.801740515564074,16.136613920205434,15.744797118891114,16.035417101677183,];
center_x = [14.693873675768502];
center_y = [17.71872465651141];
image_corners_x = [13.437291255787551,13.41246113221605,15.950456095749454,15.975286219320955,13.437291255787551];
image_corners_y = [19.96343089378799,15.48809977475742,15.474018419234827,19.9493495382654,19.96343089378799];
